entry_bar,exit_bar,pnl_pip,outcome,sl_pip,tp_pip,exit_kind,direction,t_entry,t_exit,src_card
1,5,21.7,win,161.76600000000067,161.76600000000067,0,long,1294425600000000000,1294428000000000000,XAUUSD-M10
3020,3024,-50.8,loss,161.76600000000067,161.76600000000067,0,long,1296237000000000000,1296239400000000000,XAUUSD-M10
3345,3349,-0.30000000000045457,loss,161.76600000000067,161.76600000000067,0,long,1296432000000000000,1296434400000000000,XAUUSD-M10
3353,3357,-28.3,loss,161.76600000000067,161.76600000000067,0,long,1296436800000000000,1296439200000000000,XAUUSD-M10
3602,3606,-34.29999999999909,loss,161.76600000000067,161.76600000000067,0,long,1296586200000000000,1296588600000000000,XAUUSD-M10
9621,9625,44.2,win,161.76600000000067,161.76600000000067,0,long,1300197600000000000,1300200000000000000,XAUUSD-M10
13672,13676,16.200000000000454,win,161.76600000000067,161.76600000000067,0,long,1302628200000000000,1302630600000000000,XAUUSD-M10
14543,14547,-24.80000000000091,loss,161.76600000000067,161.76600000000067,0,long,1303150800000000000,1303153200000000000,XAUUSD-M10
14549,14553,44.2,win,161.76600000000067,161.76600000000067,0,long,1303154400000000000,1303156800000000000,XAUUSD-M10
16450,16452,-165.06600000000068,loss,161.76600000000067,161.76600000000067,2,long,1304295000000000000,1304296200000000000,XAUUSD-M10
16680,16684,-34.80000000000091,loss,161.76600000000067,161.76600000000067,0,long,1304433000000000000,1304435400000000000,XAUUSD-M10
16831,16835,-74.79999999999863,loss,161.76600000000067,161.76600000000067,0,long,1304523600000000000,1304526000000000000,XAUUSD-M10
16960,16964,25.19999999999909,win,161.76600000000067,161.76600000000067,0,long,1304601000000000000,1304603400000000000,XAUUSD-M10
17552,17556,13.700000000000454,win,161.76600000000067,161.76600000000067,0,long,1304956200000000000,1304958600000000000,XAUUSD-M10
17857,17861,39.2,win,161.76600000000067,161.76600000000067,0,long,1305139200000000000,1305141600000000000,XAUUSD-M10
17966,17970,17.69999999999909,win,161.76600000000067,161.76600000000067,0,long,1305204600000000000,1305207000000000000,XAUUSD-M10
18129,18133,37.69999999999909,win,161.76600000000067,161.76600000000067,0,long,1305302400000000000,1305304800000000000,XAUUSD-M10
18727,18731,-19.80000000000091,loss,161.76600000000067,161.76600000000067,0,long,1305661200000000000,1305663600000000000,XAUUSD-M10
19157,19161,42.69999999999909,win,161.76600000000067,161.76600000000067,0,long,1305919200000000000,1305921600000000000,XAUUSD-M10
21161,21165,42.19999999999955,win,161.76600000000067,161.76600000000067,0,long,1307121600000000000,1307124000000000000,XAUUSD-M10
27019,27023,9.699999999999545,win,161.76600000000067,161.76600000000067,0,long,1310636400000000000,1310638800000000000,XAUUSD-M10
28083,28087,8.700000000000454,win,161.76600000000067,161.76600000000067,0,long,1311274800000000000,1311277200000000000,XAUUSD-M10
28095,28099,27.69999999999909,win,161.76600000000067,161.76600000000067,0,long,1311282000000000000,1311284400000000000,XAUUSD-M10
29958,29962,13.199999999998635,win,161.76600000000067,161.76600000000067,0,long,1312399800000000000,1312402200000000000,XAUUSD-M10
29967,29971,-42.80000000000045,loss,161.76600000000067,161.76600000000067,0,long,1312405200000000000,1312407600000000000,XAUUSD-M10
30077,30081,16.200000000000454,win,161.76600000000067,161.76600000000067,0,long,1312471200000000000,1312473600000000000,XAUUSD-M10
31789,31793,-30.300000000000455,loss,161.76600000000067,161.76600000000067,0,long,1313498400000000000,1313500800000000000,XAUUSD-M10
31960,31964,-0.30000000000045457,loss,161.76600000000067,161.76600000000067,0,long,1313601000000000000,1313603400000000000,XAUUSD-M10
32097,32101,-25.8,loss,161.76600000000067,161.76600000000067,0,long,1313683200000000000,1313685600000000000,XAUUSD-M10
32157,32161,30.200000000001364,win,161.76600000000067,161.76600000000067,0,long,1313719200000000000,1313721600000000000,XAUUSD-M10
32174,32178,-6.300000000001819,loss,161.76600000000067,161.76600000000067,0,long,1313729400000000000,1313731800000000000,XAUUSD-M10
34072,34076,69.70000000000182,win,161.76600000000067,161.76600000000067,0,long,1314868200000000000,1314870600000000000,XAUUSD-M10
34222,34226,2.1999999999995454,win,161.76600000000067,161.76600000000067,0,long,1314958200000000000,1314960600000000000,XAUUSD-M10
34237,34241,68.19999999999864,win,161.76600000000067,161.76600000000067,0,long,1314967200000000000,1314969600000000000,XAUUSD-M10
39972,39976,11.200000000000454,win,161.76600000000067,161.76600000000067,0,long,1318408200000000000,1318410600000000000,XAUUSD-M10
39980,39984,36.7,win,161.76600000000067,161.76600000000067,0,long,1318413000000000000,1318415400000000000,XAUUSD-M10
40111,40115,-5.8,loss,161.76600000000067,161.76600000000067,0,long,1318491600000000000,1318494000000000000,XAUUSD-M10
40226,40230,50.19999999999909,win,161.76600000000067,161.76600000000067,0,long,1318560600000000000,1318563000000000000,XAUUSD-M10
40265,40269,12.199999999999545,win,161.76600000000067,161.76600000000067,0,long,1318584000000000000,1318586400000000000,XAUUSD-M10
40295,40299,-4.800000000000909,loss,161.76600000000067,161.76600000000067,0,long,1318602000000000000,1318604400000000000,XAUUSD-M10
40702,40706,1.7000000000000002,win,161.76600000000067,161.76600000000067,0,long,1318846200000000000,1318848600000000000,XAUUSD-M10
40716,40720,-61.80000000000136,loss,161.76600000000067,161.76600000000067,0,long,1318854600000000000,1318857000000000000,XAUUSD-M10
40727,40731,-4.800000000000909,loss,161.76600000000067,161.76600000000067,0,long,1318861200000000000,1318863600000000000,XAUUSD-M10
40845,40849,-9.299999999999091,loss,161.76600000000067,161.76600000000067,0,long,1318932000000000000,1318934400000000000,XAUUSD-M10
41851,41855,-56.80000000000136,loss,161.76600000000067,161.76600000000067,0,long,1319535600000000000,1319538000000000000,XAUUSD-M10
43730,43734,-16.299999999999546,loss,161.76600000000067,161.76600000000067,0,long,1320663000000000000,1320665400000000000,XAUUSD-M10
43745,43749,70.70000000000091,win,161.76600000000067,161.76600000000067,0,long,1320672000000000000,1320674400000000000,XAUUSD-M10
43912,43916,17.69999999999909,win,161.76600000000067,161.76600000000067,0,long,1320772200000000000,1320774600000000000,XAUUSD-M10
44029,44033,-42.80000000000045,loss,161.76600000000067,161.76600000000067,0,long,1320842400000000000,1320844800000000000,XAUUSD-M10
44736,44740,2.7000000000013644,win,161.76600000000067,161.76600000000067,0,long,1321266600000000000,1321269000000000000,XAUUSD-M10
44866,44870,-29.80000000000091,loss,161.76600000000067,161.76600000000067,0,long,1321344600000000000,1321347000000000000,XAUUSD-M10
46344,46348,37.69999999999909,win,161.76600000000067,161.76600000000067,0,long,1322231400000000000,1322233800000000000,XAUUSD-M10
46935,46939,39.2,win,161.76600000000067,161.76600000000067,0,long,1322586000000000000,1322588400000000000,XAUUSD-M10
47047,47051,91.20000000000046,win,161.76600000000067,161.76600000000067,0,long,1322653200000000000,1322655600000000000,XAUUSD-M10
47189,47193,-61.29999999999954,loss,161.76600000000067,161.76600000000067,0,long,1322738400000000000,1322740800000000000,XAUUSD-M10
47352,47356,27.700000000001364,win,161.76600000000067,161.76600000000067,0,long,1322836200000000000,1322838600000000000,XAUUSD-M10
47785,47789,54.69999999999955,win,161.76600000000067,161.76600000000067,0,long,1323096000000000000,1323098400000000000,XAUUSD-M10
47869,47873,-26.299999999999546,loss,161.76600000000067,161.76600000000067,0,long,1323146400000000000,1323148800000000000,XAUUSD-M10
47881,47885,24.699999999999545,win,161.76600000000067,161.76600000000067,0,long,1323153600000000000,1323156000000000000,XAUUSD-M10
47887,47891,-10.8,loss,161.76600000000067,161.76600000000067,0,long,1323157200000000000,1323159600000000000,XAUUSD-M10
47895,47899,33.20000000000091,win,161.76600000000067,161.76600000000067,0,long,1323162000000000000,1323164400000000000,XAUUSD-M10
47906,47910,-8.3,loss,161.76600000000067,161.76600000000067,0,long,1323168600000000000,1323171000000000000,XAUUSD-M10
47928,47932,19.2,win,161.76600000000067,161.76600000000067,0,long,1323181800000000000,1323184200000000000,XAUUSD-M10
48005,48009,8.700000000000454,win,161.76600000000067,161.76600000000067,0,long,1323228000000000000,1323230400000000000,XAUUSD-M10
48075,48079,0.20000000000136442,win,161.76600000000067,161.76600000000067,0,long,1323270000000000000,1323272400000000000,XAUUSD-M10
48218,48219,-165.06600000000068,loss,161.76600000000067,161.76600000000067,2,long,1323355800000000000,1323356400000000000,XAUUSD-M10
48731,48735,41.20000000000046,win,161.76600000000067,161.76600000000067,0,long,1323663600000000000,1323666000000000000,XAUUSD-M10
48928,48932,14.699999999999545,win,161.76600000000067,161.76600000000067,0,long,1323781800000000000,1323784200000000000,XAUUSD-M10
48934,48938,2.1999999999995454,win,161.76600000000067,161.76600000000067,0,long,1323785400000000000,1323787800000000000,XAUUSD-M10
50084,50088,-26.700000000001456,loss,161.76600000000067,161.76600000000067,0,long,1324475400000000000,1324477800000000000,XAUUSD-M10
50238,50242,-69.90000000000082,loss,161.76600000000067,161.76600000000067,0,long,1324567800000000000,1324570200000000000,XAUUSD-M10
51118,51122,-1.199999999999636,loss,161.76600000000067,161.76600000000067,0,long,1325095800000000000,1325098200000000000,XAUUSD-M10
51203,51207,39.49999999999973,win,161.76600000000067,161.76600000000067,0,long,1325146800000000000,1325149200000000000,XAUUSD-M10
51373,51377,-11.099999999999728,loss,161.76600000000067,161.76600000000067,0,long,1325248800000000000,1325251200000000000,XAUUSD-M10
51968,51972,15.699999999998635,win,161.76600000000067,161.76600000000067,0,long,1325605800000000000,1325608200000000000,XAUUSD-M10
52091,52095,-11.599999999999273,loss,161.76600000000067,161.76600000000067,0,long,1325679600000000000,1325682000000000000,XAUUSD-M10
52239,52243,24.599999999999635,win,161.76600000000067,161.76600000000067,0,long,1325768400000000000,1325770800000000000,XAUUSD-M10
52395,52399,-37.39999999999854,loss,161.76600000000067,161.76600000000067,0,long,1325862000000000000,1325864400000000000,XAUUSD-M10
52738,52742,18.59999999999827,win,161.76600000000067,161.76600000000067,0,long,1326067800000000000,1326070200000000000,XAUUSD-M10
52837,52841,-3.699999999999636,loss,161.76600000000067,161.76600000000067,0,long,1326127200000000000,1326129600000000000,XAUUSD-M10
52973,52977,20.200000000001364,win,161.76600000000067,161.76600000000067,0,long,1326208800000000000,1326211200000000000,XAUUSD-M10
53124,53128,8.300000000000818,win,161.76600000000067,161.76600000000067,0,long,1326299400000000000,1326301800000000000,XAUUSD-M10
53409,53413,-24.699999999998727,loss,161.76600000000067,161.76600000000067,0,long,1326470400000000000,1326472800000000000,XAUUSD-M10
54122,54126,10.300000000001273,win,161.76600000000067,161.76600000000067,0,long,1326898200000000000,1326900600000000000,XAUUSD-M10
55153,55155,158.46600000000066,win,161.76600000000067,161.76600000000067,1,long,1327516800000000000,1327518000000000000,XAUUSD-M10
55251,55255,-2.7000000000005455,loss,161.76600000000067,161.76600000000067,0,long,1327575600000000000,1327578000000000000,XAUUSD-M10
55258,55262,-30.8,loss,161.76600000000067,161.76600000000067,0,long,1327579800000000000,1327582200000000000,XAUUSD-M10
55428,55432,70.70000000000091,win,161.76600000000067,161.76600000000067,0,long,1327681800000000000,1327684200000000000,XAUUSD-M10
56012,56016,31.200000000000454,win,161.76600000000067,161.76600000000067,0,long,1328032200000000000,1328034600000000000,XAUUSD-M10
56433,56437,9.899999999999363,win,161.76600000000067,161.76600000000067,0,long,1328284800000000000,1328287200000000000,XAUUSD-M10
56792,56796,2.2999999999994545,win,161.76600000000067,161.76600000000067,0,long,1328500200000000000,1328502600000000000,XAUUSD-M10
56850,56854,-4.100000000001546,loss,161.76600000000067,161.76600000000067,0,long,1328535000000000000,1328537400000000000,XAUUSD-M10
57010,57014,53.40000000000073,win,161.76600000000067,161.76600000000067,0,long,1328631000000000000,1328633400000000000,XAUUSD-M10
57156,57160,-57.200000000001,loss,161.76600000000067,161.76600000000067,0,long,1328718600000000000,1328721000000000000,XAUUSD-M10
57293,57297,-49.399999999999,loss,161.76600000000067,161.76600000000067,0,long,1328800800000000000,1328803200000000000,XAUUSD-M10
57429,57433,-58.00000000000027,loss,161.76600000000067,161.76600000000067,0,long,1328882400000000000,1328884800000000000,XAUUSD-M10
58017,58021,9.60000000000191,win,161.76600000000067,161.76600000000067,0,long,1329235200000000000,1329237600000000000,XAUUSD-M10
58305,58309,6.999999999999727,win,161.76600000000067,161.76600000000067,0,long,1329408000000000000,1329410400000000000,XAUUSD-M10
60181,60185,-165.06600000000068,loss,161.76600000000067,161.76600000000067,2,long,1330533600000000000,1330536000000000000,XAUUSD-M10
60465,60469,51.79999999999991,win,161.76600000000067,161.76600000000067,0,long,1330704000000000000,1330706400000000000,XAUUSD-M10
60903,60907,-3.900000000001728,loss,161.76600000000067,161.76600000000067,0,long,1330966800000000000,1330969200000000000,XAUUSD-M10
61036,61040,-27.700000000000546,loss,161.76600000000067,161.76600000000067,0,long,1331046600000000000,1331049000000000000,XAUUSD-M10
61473,61476,158.46600000000066,win,161.76600000000067,161.76600000000067,1,long,1331308800000000000,1331310600000000000,XAUUSD-M10
61908,61912,-15.200000000000546,loss,161.76600000000067,161.76600000000067,0,long,1331569800000000000,1331572200000000000,XAUUSD-M10
62068,62072,-50.40000000000036,loss,161.76600000000067,161.76600000000067,0,long,1331665800000000000,1331668200000000000,XAUUSD-M10
62160,62164,33.30000000000082,win,161.76600000000067,161.76600000000067,0,long,1331721000000000000,1331723400000000000,XAUUSD-M10
62326,62330,-17.40000000000082,loss,161.76600000000067,161.76600000000067,0,long,1331820600000000000,1331823000000000000,XAUUSD-M10
62472,62476,39.79999999999946,win,161.76600000000067,161.76600000000067,0,long,1331908200000000000,1331910600000000000,XAUUSD-M10
63337,63341,14.2,win,161.76600000000067,161.76600000000067,0,long,1332427200000000000,1332429600000000000,XAUUSD-M10
64224,64228,-77.40000000000082,loss,161.76600000000067,161.76600000000067,0,long,1332959400000000000,1332961800000000000,XAUUSD-M10
65100,65104,-12.800000000000455,loss,161.76600000000067,161.76600000000067,0,long,1333485000000000000,1333487400000000000,XAUUSD-M10
65211,65215,54.49999999999973,win,161.76600000000067,161.76600000000067,0,long,1333551600000000000,1333554000000000000,XAUUSD-M10
66096,66100,56.00000000000064,win,161.76600000000067,161.76600000000067,0,long,1334082600000000000,1334085000000000000,XAUUSD-M10
66536,66540,9.699999999999545,win,161.76600000000067,161.76600000000067,0,long,1334346600000000000,1334349000000000000,XAUUSD-M10
67383,67387,5.800000000000819,win,161.76600000000067,161.76600000000067,0,long,1334854800000000000,1334857200000000000,XAUUSD-M10
67390,67394,-13.499999999999819,loss,161.76600000000067,161.76600000000067,0,long,1334859000000000000,1334861400000000000,XAUUSD-M10
68265,68269,86.40000000000028,win,161.76600000000067,161.76600000000067,0,long,1335384000000000000,1335386400000000000,XAUUSD-M10
70257,70261,49.39999999999982,win,161.76600000000067,161.76600000000067,0,long,1336579200000000000,1336581600000000000,XAUUSD-M10
71271,71275,52.99999999999882,win,161.76600000000067,161.76600000000067,0,long,1337187600000000000,1337190000000000000,XAUUSD-M10
71406,71410,158.46600000000066,win,161.76600000000067,161.76600000000067,1,long,1337268600000000000,1337271000000000000,XAUUSD-M10
71540,71544,-17.200000000001,loss,161.76600000000067,161.76600000000067,0,long,1337349000000000000,1337351400000000000,XAUUSD-M10
71546,71550,3.600000000000546,win,161.76600000000067,161.76600000000067,0,long,1337352600000000000,1337355000000000000,XAUUSD-M10
72156,72160,23.199999999998635,win,161.76600000000067,161.76600000000067,0,long,1337718600000000000,1337721000000000000,XAUUSD-M10
72162,72166,-7.400000000000818,loss,161.76600000000067,161.76600000000067,0,long,1337722200000000000,1337724600000000000,XAUUSD-M10
72270,72274,-165.06600000000068,loss,161.76600000000067,161.76600000000067,2,long,1337787000000000000,1337789400000000000,XAUUSD-M10
72406,72410,94.00000000000018,win,161.76600000000067,161.76600000000067,0,long,1337868600000000000,1337871000000000000,XAUUSD-M10
72561,72565,-40.999999999999815,loss,161.76600000000067,161.76600000000067,0,long,1337961600000000000,1337964000000000000,XAUUSD-M10
72583,72587,-14.700000000001001,loss,161.76600000000067,161.76600000000067,0,long,1337974800000000000,1337977200000000000,XAUUSD-M10
73147,73151,-23.39999999999991,loss,161.76600000000067,161.76600000000067,0,long,1338313200000000000,1338315600000000000,XAUUSD-M10
73278,73282,27.800000000001273,win,161.76600000000067,161.76600000000067,0,long,1338391800000000000,1338394200000000000,XAUUSD-M10
73423,73427,-79.60000000000109,loss,161.76600000000067,161.76600000000067,0,long,1338478800000000000,1338481200000000000,XAUUSD-M10
73559,73560,158.46600000000066,win,161.76600000000067,161.76600000000067,1,long,1338560400000000000,1338561000000000000,XAUUSD-M10
74148,74152,29.10000000000009,win,161.76600000000067,161.76600000000067,0,long,1338913800000000000,1338916200000000000,XAUUSD-M10
74312,74316,-97.80000000000045,loss,161.76600000000067,161.76600000000067,0,long,1339012200000000000,1339014600000000000,XAUUSD-M10
74422,74426,-52.29999999999863,loss,161.76600000000067,161.76600000000067,0,long,1339078200000000000,1339080600000000000,XAUUSD-M10
75007,75011,8.00000000000109,win,161.76600000000067,161.76600000000067,0,long,1339429200000000000,1339431600000000000,XAUUSD-M10
75154,75158,-10.89999999999991,loss,161.76600000000067,161.76600000000067,0,long,1339517400000000000,1339519800000000000,XAUUSD-M10
75309,75313,6.200000000000455,win,161.76600000000067,161.76600000000067,0,long,1339610400000000000,1339612800000000000,XAUUSD-M10
75316,75320,2.4999999999992726,win,161.76600000000067,161.76600000000067,0,long,1339614600000000000,1339617000000000000,XAUUSD-M10
75926,75930,5.70000000000091,win,161.76600000000067,161.76600000000067,0,long,1339980600000000000,1339983000000000000,XAUUSD-M10
75938,75942,-61.90000000000127,loss,161.76600000000067,161.76600000000067,0,long,1339987800000000000,1339990200000000000,XAUUSD-M10
76021,76025,12.900000000001182,win,161.76600000000067,161.76600000000067,0,long,1340037600000000000,1340040000000000000,XAUUSD-M10
76320,76323,158.46600000000066,win,161.76600000000067,161.76600000000067,1,long,1340217000000000000,1340218800000000000,XAUUSD-M10
76442,76446,-70.50000000000027,loss,161.76600000000067,161.76600000000067,0,long,1340290200000000000,1340292600000000000,XAUUSD-M10
77320,77324,22.799999999999,win,161.76600000000067,161.76600000000067,0,long,1340817000000000000,1340819400000000000,XAUUSD-M10
77325,77329,-9.700000000001001,loss,161.76600000000067,161.76600000000067,0,long,1340820000000000000,1340822400000000000,XAUUSD-M10
77460,77464,18.700000000000454,win,161.76600000000067,161.76600000000067,0,long,1340901000000000000,1340903400000000000,XAUUSD-M10
77592,77596,17.90000000000118,win,161.76600000000067,161.76600000000067,0,long,1340980200000000000,1340982600000000000,XAUUSD-M10
78462,78466,15.800000000000818,win,161.76600000000067,161.76600000000067,0,long,1341502200000000000,1341504600000000000,XAUUSD-M10
78485,78489,-12.099999999998818,loss,161.76600000000067,161.76600000000067,0,long,1341516000000000000,1341518400000000000,XAUUSD-M10
78603,78607,-52.49999999999845,loss,161.76600000000067,161.76600000000067,0,long,1341586800000000000,1341589200000000000,XAUUSD-M10
79220,79224,-14.299999999999091,loss,161.76600000000067,161.76600000000067,0,long,1341957000000000000,1341959400000000000,XAUUSD-M10
79357,79361,-5.600000000000182,loss,161.76600000000067,161.76600000000067,0,long,1342039200000000000,1342041600000000000,XAUUSD-M10
79363,79367,-23.20000000000009,loss,161.76600000000067,161.76600000000067,0,long,1342042800000000000,1342045200000000000,XAUUSD-M10
79493,79497,24.00000000000018,win,161.76600000000067,161.76600000000067,0,long,1342120800000000000,1342123200000000000,XAUUSD-M10
79505,79509,-25.200000000000546,loss,161.76600000000067,161.76600000000067,0,long,1342128000000000000,1342130400000000000,XAUUSD-M10
81658,81662,7.199999999999545,win,161.76600000000067,161.76600000000067,0,long,1343419800000000000,1343422200000000000,XAUUSD-M10
82494,82498,40.10000000000146,win,161.76600000000067,161.76600000000067,0,long,1343921400000000000,1343923800000000000,XAUUSD-M10
86678,86682,71.6000000000001,win,161.76600000000067,161.76600000000067,0,long,1346431800000000000,1346434200000000000,XAUUSD-M10
87685,87689,-57.80000000000045,loss,161.76600000000067,161.76600000000067,0,long,1347036000000000000,1347038400000000000,XAUUSD-M10
88561,88564,158.46600000000066,win,161.76600000000067,161.76600000000067,1,long,1347561600000000000,1347563400000000000,XAUUSD-M10
89411,89415,-12.099999999998818,loss,161.76600000000067,161.76600000000067,0,long,1348071600000000000,1348074000000000000,XAUUSD-M10
91141,91145,23.400000000000727,win,161.76600000000067,161.76600000000067,0,long,1349109600000000000,1349112000000000000,XAUUSD-M10
91172,91176,-15.000000000000728,loss,161.76600000000067,161.76600000000067,0,long,1349128200000000000,1349130600000000000,XAUUSD-M10
96457,96461,-47.70000000000054,loss,161.76600000000067,161.76600000000067,0,long,1352299200000000000,1352301600000000000,XAUUSD-M10
96617,96621,17.69999999999909,win,161.76600000000067,161.76600000000067,0,long,1352395200000000000,1352397600000000000,XAUUSD-M10
96751,96755,-40.100000000000634,loss,161.76600000000067,161.76600000000067,0,long,1352475600000000000,1352478000000000000,XAUUSD-M10
97616,97620,18.20000000000091,win,161.76600000000067,161.76600000000067,0,long,1352994600000000000,1352997000000000000,XAUUSD-M10
104801,104805,3.1000000000010006,win,161.76600000000067,161.76600000000067,0,long,1357305600000000000,1357308000000000000,XAUUSD-M10
111614,111618,-3.3,loss,161.76600000000067,161.76600000000067,0,long,1361393400000000000,1361395800000000000,XAUUSD-M10
111729,111733,10.19999999999909,win,161.76600000000067,161.76600000000067,0,long,1361462400000000000,1361464800000000000,XAUUSD-M10
112454,112458,71.49999999999791,win,161.76600000000067,161.76600000000067,0,long,1361897400000000000,1361899800000000000,XAUUSD-M10
112881,112885,-10.200000000000546,loss,161.76600000000067,161.76600000000067,0,long,1362153600000000000,1362156000000000000,XAUUSD-M10
117780,117784,1.7000000000000002,win,161.76600000000067,161.76600000000067,0,long,1365093000000000000,1365095400000000000,XAUUSD-M10
118932,118935,-165.06600000000068,loss,161.76600000000067,161.76600000000067,2,long,1365784200000000000,1365786000000000000,XAUUSD-M10
120466,120470,15.299999999998999,win,161.76600000000067,161.76600000000067,0,long,1366704600000000000,1366707000000000000,XAUUSD-M10
120573,120577,-3.800000000001819,loss,161.76600000000067,161.76600000000067,0,long,1366768800000000000,1366771200000000000,XAUUSD-M10
120602,120606,20.299999999999,win,161.76600000000067,161.76600000000067,0,long,1366786200000000000,1366788600000000000,XAUUSD-M10
120607,120611,1.0999999999982721,win,161.76600000000067,161.76600000000067,0,long,1366789200000000000,1366791600000000000,XAUUSD-M10
120633,120637,-15.199999999998273,loss,161.76600000000067,161.76600000000067,0,long,1366804800000000000,1366807200000000000,XAUUSD-M10
120648,120652,-32.80000000000045,loss,161.76600000000067,161.76600000000067,0,long,1366813800000000000,1366816200000000000,XAUUSD-M10
120822,120826,41.29999999999809,win,161.76600000000067,161.76600000000067,0,long,1366918200000000000,1366920600000000000,XAUUSD-M10
120831,120835,-3.699999999999636,loss,161.76600000000067,161.76600000000067,0,long,1366923600000000000,1366926000000000000,XAUUSD-M10
120875,120879,-46.60000000000154,loss,161.76600000000067,161.76600000000067,0,long,1366950000000000000,1366952400000000000,XAUUSD-M10
121374,121378,30.40000000000118,win,161.76600000000067,161.76600000000067,0,long,1367249400000000000,1367251800000000000,XAUUSD-M10
121518,121522,24.900000000001636,win,161.76600000000067,161.76600000000067,0,long,1367335800000000000,1367338200000000000,XAUUSD-M10
121667,121671,-32.30000000000091,loss,161.76600000000067,161.76600000000067,0,long,1367425200000000000,1367427600000000000,XAUUSD-M10
121726,121730,2.300000000001728,win,161.76600000000067,161.76600000000067,0,long,1367460600000000000,1367463000000000000,XAUUSD-M10
121731,121735,-32.70000000000054,loss,161.76600000000067,161.76600000000067,0,long,1367463600000000000,1367466000000000000,XAUUSD-M10
121804,121808,-9.299999999999091,loss,161.76600000000067,161.76600000000067,0,long,1367507400000000000,1367509800000000000,XAUUSD-M10
121946,121950,-2.000000000001182,loss,161.76600000000067,161.76600000000067,0,long,1367592600000000000,1367595000000000000,XAUUSD-M10
122536,122540,51.20000000000046,win,161.76600000000067,161.76600000000067,0,long,1367946600000000000,1367949000000000000,XAUUSD-M10
122947,122951,23.100000000001,win,161.76600000000067,161.76600000000067,0,long,1368193200000000000,1368195600000000000,XAUUSD-M10
123551,123555,-8.200000000000092,loss,161.76600000000067,161.76600000000067,0,long,1368555600000000000,1368558000000000000,XAUUSD-M10
123667,123671,-28.3,loss,161.76600000000067,161.76600000000067,0,long,1368625200000000000,1368627600000000000,XAUUSD-M10
123787,123791,-78.10000000000018,loss,161.76600000000067,161.76600000000067,0,long,1368697200000000000,1368699600000000000,XAUUSD-M10
123926,123930,8.600000000000545,win,161.76600000000067,161.76600000000067,0,long,1368780600000000000,1368783000000000000,XAUUSD-M10
123953,123957,-38.99999999999936,loss,161.76600000000067,161.76600000000067,0,long,1368796800000000000,1368799200000000000,XAUUSD-M10
124674,124678,-13.3,loss,161.76600000000067,161.76600000000067,0,long,1369229400000000000,1369231800000000000,XAUUSD-M10
124968,124972,10.699999999998635,win,161.76600000000067,161.76600000000067,0,long,1369405800000000000,1369408200000000000,XAUUSD-M10
125562,125566,-75.99999999999982,loss,161.76600000000067,161.76600000000067,0,long,1369762200000000000,1369764600000000000,XAUUSD-M10
125837,125841,4.399999999999818,win,161.76600000000067,161.76600000000067,0,long,1369927200000000000,1369929600000000000,XAUUSD-M10
125985,125989,-14.80000000000091,loss,161.76600000000067,161.76600000000067,0,long,1370016000000000000,1370018400000000000,XAUUSD-M10
126424,126428,-4.300000000001364,loss,161.76600000000067,161.76600000000067,0,long,1370279400000000000,1370281800000000000,XAUUSD-M10
126715,126719,-18.999999999999364,loss,161.76600000000067,161.76600000000067,0,long,1370454000000000000,1370456400000000000,XAUUSD-M10
126724,126728,27.899999999998908,win,161.76600000000067,161.76600000000067,0,long,1370459400000000000,1370461800000000000,XAUUSD-M10
127617,127874,11.400000000000272,win,161.76600000000067,161.76600000000067,0,long,1370995200000000000,1371149400000000000,XAUUSD-M10
128827,128829,-165.06600000000068,loss,161.76600000000067,161.76600000000067,2,long,1371721200000000000,1371722400000000000,XAUUSD-M10
129390,129394,-13.699999999999637,loss,161.76600000000067,161.76600000000067,0,long,1372059000000000000,1372061400000000000,XAUUSD-M10
129396,129400,37.499999999999275,win,161.76600000000067,161.76600000000067,0,long,1372062600000000000,1372065000000000000,XAUUSD-M10
129428,129432,8.199999999998635,win,161.76600000000067,161.76600000000067,0,long,1372081800000000000,1372084200000000000,XAUUSD-M10
129589,129593,-4.800000000000909,loss,161.76600000000067,161.76600000000067,0,long,1372178400000000000,1372180800000000000,XAUUSD-M10
129661,129665,-15.89999999999991,loss,161.76600000000067,161.76600000000067,0,long,1372221600000000000,1372224000000000000,XAUUSD-M10
130594,130598,15.899999999998453,win,161.76600000000067,161.76600000000067,0,long,1372781400000000000,1372783800000000000,XAUUSD-M10
130726,130730,23.500000000000636,win,161.76600000000067,161.76600000000067,0,long,1372860600000000000,1372863000000000000,XAUUSD-M10
131017,131021,-39.10000000000154,loss,161.76600000000067,161.76600000000067,0,long,1373035200000000000,1373037600000000000,XAUUSD-M10
131383,131387,-6.999999999998908,loss,161.76600000000067,161.76600000000067,0,long,1373254800000000000,1373257200000000000,XAUUSD-M10
131770,131774,-119.60000000000109,loss,161.76600000000067,161.76600000000067,0,long,1373487000000000000,1373489400000000000,XAUUSD-M10
132758,132762,0.3999999999989088,win,161.76600000000067,161.76600000000067,0,long,1374079800000000000,1374082200000000000,XAUUSD-M10
134793,134797,128.09999999999872,win,161.76600000000067,161.76600000000067,0,long,1375300800000000000,1375303200000000000,XAUUSD-M10
134845,134849,11.999999999999726,win,161.76600000000067,161.76600000000067,0,long,1375332000000000000,1375334400000000000,XAUUSD-M10
134913,134917,16.000000000000636,win,161.76600000000067,161.76600000000067,0,long,1375372800000000000,1375375200000000000,XAUUSD-M10
135047,135048,158.46600000000066,win,161.76600000000067,161.76600000000067,1,long,1375453200000000000,1375453800000000000,XAUUSD-M10
136638,136642,44.39999999999982,win,161.76600000000067,161.76600000000067,0,long,1376407800000000000,1376410200000000000,XAUUSD-M10
136940,136944,8.499999999998362,win,161.76600000000067,161.76600000000067,0,long,1376589000000000000,1376591400000000000,XAUUSD-M10
137046,137050,14.999999999999272,win,161.76600000000067,161.76600000000067,0,long,1376652600000000000,1376655000000000000,XAUUSD-M10
137069,137073,-70.99999999999982,loss,161.76600000000067,161.76600000000067,0,long,1376666400000000000,1376668800000000000,XAUUSD-M10
137432,137436,-2.100000000001091,loss,161.76600000000067,161.76600000000067,0,long,1376884200000000000,1376886600000000000,XAUUSD-M10
137820,137824,-55.999999999999815,loss,161.76600000000067,161.76600000000067,0,long,1377117000000000000,1377119400000000000,XAUUSD-M10
137847,137851,-28.20000000000009,loss,161.76600000000067,161.76600000000067,0,long,1377133200000000000,1377135600000000000,XAUUSD-M10
137859,137863,56.10000000000055,win,161.76600000000067,161.76600000000067,0,long,1377140400000000000,1377142800000000000,XAUUSD-M10
137938,137942,-15.199999999998273,loss,161.76600000000067,161.76600000000067,0,long,1377187800000000000,1377190200000000000,XAUUSD-M10
138799,138803,41.79999999999991,win,161.76600000000067,161.76600000000067,0,long,1377704400000000000,1377706800000000000,XAUUSD-M10
138829,138833,-13.39999999999991,loss,161.76600000000067,161.76600000000067,0,long,1377722400000000000,1377724800000000000,XAUUSD-M10
138942,138946,-13.900000000001729,loss,161.76600000000067,161.76600000000067,0,long,1377790200000000000,1377792600000000000,XAUUSD-M10
138977,138981,-14.600000000001092,loss,161.76600000000067,161.76600000000067,0,long,1377811200000000000,1377813600000000000,XAUUSD-M10
139958,139962,13.599999999998271,win,161.76600000000067,161.76600000000067,0,long,1378399800000000000,1378402200000000000,XAUUSD-M10
139980,139984,32.40000000000164,win,161.76600000000067,161.76600000000067,0,long,1378413000000000000,1378415400000000000,XAUUSD-M10
140088,140092,-56.899999999999,loss,161.76600000000067,161.76600000000067,0,long,1378477800000000000,1378480200000000000,XAUUSD-M10
141096,141100,-22.700000000000546,loss,161.76600000000067,161.76600000000067,0,long,1379082600000000000,1379085000000000000,XAUUSD-M10
141138,141142,6.7,win,161.76600000000067,161.76600000000067,0,long,1379107800000000000,1379110200000000000,XAUUSD-M10
141441,141445,45.80000000000082,win,161.76600000000067,161.76600000000067,0,long,1379289600000000000,1379292000000000000,XAUUSD-M10
141531,141535,-4.700000000001,loss,161.76600000000067,161.76600000000067,0,long,1379343600000000000,1379346000000000000,XAUUSD-M10
141577,141587,-13.000000000000274,loss,161.76600000000067,161.76600000000067,0,long,1379371200000000000,1379377200000000000,XAUUSD-M10
141848,141849,158.46600000000066,win,161.76600000000067,161.76600000000067,1,long,1379533800000000000,1379534400000000000,XAUUSD-M10
142117,142121,11.500000000000181,win,161.76600000000067,161.76600000000067,0,long,1379695200000000000,1379697600000000000,XAUUSD-M10
142466,142470,-30.099999999998364,loss,161.76600000000067,161.76600000000067,0,long,1379904600000000000,1379907000000000000,XAUUSD-M10
142521,142525,13.199999999998635,win,161.76600000000067,161.76600000000067,0,long,1379937600000000000,1379940000000000000,XAUUSD-M10
142526,142530,-33.399999999999906,loss,161.76600000000067,161.76600000000067,0,long,1379940600000000000,1379943000000000000,XAUUSD-M10
143689,143693,17.899999999998908,win,161.76600000000067,161.76600000000067,0,long,1380638400000000000,1380640800000000000,XAUUSD-M10
143758,143762,37.20000000000182,win,161.76600000000067,161.76600000000067,0,long,1380679800000000000,1380682200000000000,XAUUSD-M10
143835,143839,-7.900000000000364,loss,161.76600000000067,161.76600000000067,0,long,1380726000000000000,1380728400000000000,XAUUSD-M10
143992,143996,-0.10000000000063647,loss,161.76600000000067,161.76600000000067,0,long,1380820200000000000,1380822600000000000,XAUUSD-M10
145129,145133,-4.199999999999181,loss,161.76600000000067,161.76600000000067,0,long,1381502400000000000,1381504800000000000,XAUUSD-M10
145708,145712,77.29999999999946,win,161.76600000000067,161.76600000000067,0,long,1381849800000000000,1381852200000000000,XAUUSD-M10
145862,145866,15.900000000000727,win,161.76600000000067,161.76600000000067,0,long,1381942200000000000,1381944600000000000,XAUUSD-M10
145964,145968,-131.99999999999892,loss,161.76600000000067,161.76600000000067,0,long,1382003400000000000,1382005800000000000,XAUUSD-M10
150924,150928,-32.80000000000045,loss,161.76600000000067,161.76600000000067,0,long,1384979400000000000,1384981800000000000,XAUUSD-M10
153195,153199,-51.59999999999927,loss,161.76600000000067,161.76600000000067,0,long,1386342000000000000,1386344400000000000,XAUUSD-M10
154955,154959,-32.90000000000036,loss,161.76600000000067,161.76600000000067,0,long,1387398000000000000,1387400400000000000,XAUUSD-M10
155065,155069,-0.7000000000000908,loss,161.76600000000067,161.76600000000067,0,long,1387464000000000000,1387466400000000000,XAUUSD-M10
155071,155075,-68.10000000000018,loss,161.76600000000067,161.76600000000067,0,long,1387467600000000000,1387470000000000000,XAUUSD-M10
157047,157051,-30.70000000000009,loss,161.76600000000067,161.76600000000067,0,long,1388653200000000000,1388655600000000000,XAUUSD-M10
157673,157677,5.900000000000728,win,161.76600000000067,161.76600000000067,0,long,1389028800000000000,1389031200000000000,XAUUSD-M10
202612,202616,-1.9999999999989084,loss,161.76600000000067,161.76600000000067,0,long,1415992200000000000,1415994600000000000,XAUUSD-M10
202935,202939,-13.499999999999819,loss,161.76600000000067,161.76600000000067,0,long,1416186000000000000,1416188400000000000,XAUUSD-M10
202940,202944,12.800000000001273,win,161.76600000000067,161.76600000000067,0,long,1416189000000000000,1416191400000000000,XAUUSD-M10
202947,202951,-24.80000000000091,loss,161.76600000000067,161.76600000000067,0,long,1416193200000000000,1416195600000000000,XAUUSD-M10
203332,203336,-1.3000000000018188,loss,161.76600000000067,161.76600000000067,0,long,1416424200000000000,1416426600000000000,XAUUSD-M10
203464,203468,-33.900000000001725,loss,161.76600000000067,161.76600000000067,0,long,1416503400000000000,1416505800000000000,XAUUSD-M10
204954,204958,80.20000000000137,win,161.76600000000067,161.76600000000067,0,long,1417397400000000000,1417399800000000000,XAUUSD-M10
205016,205020,23.800000000000363,win,161.76600000000067,161.76600000000067,0,long,1417434600000000000,1417437000000000000,XAUUSD-M10
205191,205195,1.200000000000455,win,161.76600000000067,161.76600000000067,0,long,1417539600000000000,1417542000000000000,XAUUSD-M10
206208,206212,14.799999999999454,win,161.76600000000067,161.76600000000067,0,long,1418149800000000000,1418152200000000000,XAUUSD-M10
207197,207201,25.000000000001545,win,161.76600000000067,161.76600000000067,0,long,1418743200000000000,1418745600000000000,XAUUSD-M10
207376,207380,-129.90000000000083,loss,161.76600000000067,161.76600000000067,0,long,1418850600000000000,1418853000000000000,XAUUSD-M10
209659,209663,-16.99999999999891,loss,161.76600000000067,161.76600000000067,0,long,1420220400000000000,1420222800000000000,XAUUSD-M10
211506,211510,-25.00000000000073,loss,161.76600000000067,161.76600000000067,0,long,1421328600000000000,1421331000000000000,XAUUSD-M10
212394,212398,22.899999999998908,win,161.76600000000067,161.76600000000067,0,long,1421861400000000000,1421863800000000000,XAUUSD-M10
212412,212416,17.600000000001454,win,161.76600000000067,161.76600000000067,0,long,1421872200000000000,1421874600000000000,XAUUSD-M10
212532,212536,35.999999999998366,win,161.76600000000067,161.76600000000067,0,long,1421944200000000000,1421946600000000000,XAUUSD-M10
213552,213556,-75.20000000000054,loss,161.76600000000067,161.76600000000067,0,long,1422556200000000000,1422558600000000000,XAUUSD-M10
213577,213581,-17.399999999998546,loss,161.76600000000067,161.76600000000067,0,long,1422571200000000000,1422573600000000000,XAUUSD-M10
238240,238244,-6.79999999999909,loss,161.76600000000067,161.76600000000067,0,long,1437369000000000000,1437371400000000000,XAUUSD-M10
238264,238268,17.500000000001545,win,161.76600000000067,161.76600000000067,0,long,1437383400000000000,1437385800000000000,XAUUSD-M10
243349,243353,-64.4999999999989,loss,161.76600000000067,161.76600000000067,0,long,1440434400000000000,1440436800000000000,XAUUSD-M10
267956,267960,-21.299999999999546,loss,161.76600000000067,161.76600000000067,0,long,1455198600000000000,1455201000000000000,XAUUSD-M10
268694,268698,15.50000000000109,win,161.76600000000067,161.76600000000067,0,long,1455641400000000000,1455643800000000000,XAUUSD-M10
269863,269867,-12.500000000000728,loss,161.76600000000067,161.76600000000067,0,long,1456342800000000000,1456345200000000000,XAUUSD-M10
269912,269916,-20.39999999999809,loss,161.76600000000067,161.76600000000067,0,long,1456372200000000000,1456374600000000000,XAUUSD-M10
269988,269992,10.699999999998635,win,161.76600000000067,161.76600000000067,0,long,1456417800000000000,1456420200000000000,XAUUSD-M10
270141,270145,20.999999999998362,win,161.76600000000067,161.76600000000067,0,long,1456509600000000000,1456512000000000000,XAUUSD-M10
271141,271145,1.8999999999998183,win,161.76600000000067,161.76600000000067,0,long,1457109600000000000,1457112000000000000,XAUUSD-M10
272002,272006,39.899999999999366,win,161.76600000000067,161.76600000000067,0,long,1457626200000000000,1457628600000000000,XAUUSD-M10
272068,272072,-59.89999999999854,loss,161.76600000000067,161.76600000000067,0,long,1457665800000000000,1457668200000000000,XAUUSD-M10
272151,272155,-85.99999999999982,loss,161.76600000000067,161.76600000000067,0,long,1457715600000000000,1457718000000000000,XAUUSD-M10
278059,278063,18.900000000000272,win,161.76600000000067,161.76600000000067,0,long,1461260400000000000,1461262800000000000,XAUUSD-M10
278079,278083,-11.500000000001638,loss,161.76600000000067,161.76600000000067,0,long,1461272400000000000,1461274800000000000,XAUUSD-M10
286142,286146,4.999999999999273,win,161.76600000000067,161.76600000000067,0,long,1466110200000000000,1466112600000000000,XAUUSD-M10
287185,287189,-7.200000000001,loss,161.76600000000067,161.76600000000067,0,long,1466736000000000000,1466738400000000000,XAUUSD-M10
287724,287728,9.599999999999635,win,161.76600000000067,161.76600000000067,0,long,1467059400000000000,1467061800000000000,XAUUSD-M10
288651,288655,-7.100000000001091,loss,161.76600000000067,161.76600000000067,0,long,1467615600000000000,1467618000000000000,XAUUSD-M10
289282,289286,-68.89999999999945,loss,161.76600000000067,161.76600000000067,0,long,1467994200000000000,1467996600000000000,XAUUSD-M10
307064,307067,158.46600000000066,win,161.76600000000067,161.76600000000067,1,long,1478663400000000000,1478665200000000000,XAUUSD-M10
307249,307253,-36.70000000000145,loss,161.76600000000067,161.76600000000067,0,long,1478774400000000000,1478776800000000000,XAUUSD-M10
307258,307262,-3.3,loss,161.76600000000067,161.76600000000067,0,long,1478779800000000000,1478782200000000000,XAUUSD-M10
307383,307387,-4.300000000001364,loss,161.76600000000067,161.76600000000067,0,long,1478854800000000000,1478857200000000000,XAUUSD-M10
444298,444302,3.0000000000010916,win,161.76600000000067,161.76600000000067,0,long,1561003800000000000,1561006200000000000,XAUUSD-M10
444498,444502,-37.400000000000816,loss,161.76600000000067,161.76600000000067,0,long,1561123800000000000,1561126200000000000,XAUUSD-M10
445059,445063,-69.399999999999,loss,161.76600000000067,161.76600000000067,0,long,1561460400000000000,1561462800000000000,XAUUSD-M10
445103,445107,19.699999999999545,win,161.76600000000067,161.76600000000067,0,long,1561486800000000000,1561489200000000000,XAUUSD-M10
445110,445114,-62.39999999999854,loss,161.76600000000067,161.76600000000067,0,long,1561491000000000000,1561493400000000000,XAUUSD-M10
446154,446158,-26.79999999999909,loss,161.76600000000067,161.76600000000067,0,long,1562117400000000000,1562119800000000000,XAUUSD-M10
446243,446247,37.30000000000173,win,161.76600000000067,161.76600000000067,0,long,1562170800000000000,1562173200000000000,XAUUSD-M10
450447,450451,24.2,win,161.76600000000067,161.76600000000067,0,long,1564693200000000000,1564695600000000000,XAUUSD-M10
450567,450571,22.399999999999363,win,161.76600000000067,161.76600000000067,0,long,1564765200000000000,1564767600000000000,XAUUSD-M10
451006,451010,37.09999999999964,win,161.76600000000067,161.76600000000067,0,long,1565028600000000000,1565031000000000000,XAUUSD-M10
451066,451070,-23.899999999999455,loss,161.76600000000067,161.76600000000067,0,long,1565064600000000000,1565067000000000000,XAUUSD-M10
451083,451087,50.80000000000082,win,161.76600000000067,161.76600000000067,0,long,1565074800000000000,1565077200000000000,XAUUSD-M10
451287,451291,-61.60000000000154,loss,161.76600000000067,161.76600000000067,0,long,1565197200000000000,1565199600000000000,XAUUSD-M10
451483,451487,4.699999999999545,win,161.76600000000067,161.76600000000067,0,long,1565314800000000000,1565317200000000000,XAUUSD-M10
452149,452150,-165.06600000000068,loss,161.76600000000067,161.76600000000067,2,long,1565714400000000000,1565715000000000000,XAUUSD-M10
452285,452289,26.7,win,161.76600000000067,161.76600000000067,0,long,1565796000000000000,1565798400000000000,XAUUSD-M10
452398,452402,-5.600000000000182,loss,161.76600000000067,161.76600000000067,0,long,1565863800000000000,1565866200000000000,XAUUSD-M10
452409,452413,17.899999999998908,win,161.76600000000067,161.76600000000067,0,long,1565870400000000000,1565872800000000000,XAUUSD-M10
453928,453932,4.000000000000182,win,161.76600000000067,161.76600000000067,0,long,1566781800000000000,1566784200000000000,XAUUSD-M10
453980,453984,-60.999999999999815,loss,161.76600000000067,161.76600000000067,0,long,1566813000000000000,1566815400000000000,XAUUSD-M10
455465,455469,39.000000000000185,win,161.76600000000067,161.76600000000067,0,long,1567704000000000000,1567706400000000000,XAUUSD-M10
455608,455612,-14.600000000001092,loss,161.76600000000067,161.76600000000067,0,long,1567789800000000000,1567792200000000000,XAUUSD-M10
456476,456480,-58.89999999999945,loss,161.76600000000067,161.76600000000067,0,long,1568310600000000000,1568313000000000000,XAUUSD-M10
456952,456956,16.999999999999726,win,161.76600000000067,161.76600000000067,0,long,1568596200000000000,1568598600000000000,XAUUSD-M10
456963,456967,-6.500000000001637,loss,161.76600000000067,161.76600000000067,0,long,1568602800000000000,1568605200000000000,XAUUSD-M10
459499,459503,-70.8,loss,161.76600000000067,161.76600000000067,0,long,1570124400000000000,1570126800000000000,XAUUSD-M10
473082,473086,-10.000000000000728,loss,161.76600000000067,161.76600000000067,0,long,1578274200000000000,1578276600000000000,XAUUSD-M10
473091,473095,7.200000000001819,win,161.76600000000067,161.76600000000067,0,long,1578279600000000000,1578282000000000000,XAUUSD-M10
473374,473378,-53.20000000000009,loss,161.76600000000067,161.76600000000067,0,long,1578449400000000000,1578451800000000000,XAUUSD-M10
480136,480140,-9.399999999999,loss,161.76600000000067,161.76600000000067,0,long,1582506600000000000,1582509000000000000,XAUUSD-M10
480189,480193,52.89999999999891,win,161.76600000000067,161.76600000000067,0,long,1582538400000000000,1582540800000000000,XAUUSD-M10
481674,481678,-12.100000000001092,loss,161.76600000000067,161.76600000000067,0,long,1583429400000000000,1583431800000000000,XAUUSD-M10
481700,481704,15.799999999998544,win,161.76600000000067,161.76600000000067,0,long,1583445000000000000,1583447400000000000,XAUUSD-M10
481712,481722,-9.400000000001274,loss,161.76600000000067,161.76600000000067,0,long,1583452200000000000,1583458200000000000,XAUUSD-M10
481723,481727,-11.399999999999455,loss,161.76600000000067,161.76600000000067,0,long,1583458800000000000,1583461200000000000,XAUUSD-M10
481731,481735,-52.500000000000725,loss,161.76600000000067,161.76600000000067,0,long,1583463600000000000,1583466000000000000,XAUUSD-M10
481746,481750,35.59999999999873,win,161.76600000000067,161.76600000000067,0,long,1583472600000000000,1583475000000000000,XAUUSD-M10
486695,486699,39.999999999999275,win,161.76600000000067,161.76600000000067,0,long,1586442000000000000,1586444400000000000,XAUUSD-M10
489581,489585,-38.399999999999906,loss,161.76600000000067,161.76600000000067,0,long,1588173600000000000,1588176000000000000,XAUUSD-M10
489685,489689,44.79999999999946,win,161.76600000000067,161.76600000000067,0,long,1588236000000000000,1588238400000000000,XAUUSD-M10
489717,489721,37.399999999999366,win,161.76600000000067,161.76600000000067,0,long,1588255200000000000,1588257600000000000,XAUUSD-M10
490423,490427,-17.30000000000091,loss,161.76600000000067,161.76600000000067,0,long,1588678800000000000,1588681200000000000,XAUUSD-M10
490437,490441,-6.199999999999636,loss,161.76600000000067,161.76600000000067,0,long,1588687200000000000,1588689600000000000,XAUUSD-M10
490442,490446,30.200000000001364,win,161.76600000000067,161.76600000000067,0,long,1588690200000000000,1588692600000000000,XAUUSD-M10
490593,490597,54.69999999999955,win,161.76600000000067,161.76600000000067,0,long,1588780800000000000,1588783200000000000,XAUUSD-M10
490742,490746,-4.200000000001455,loss,161.76600000000067,161.76600000000067,0,long,1588870200000000000,1588872600000000000,XAUUSD-M10
490875,490879,-130.99999999999983,loss,161.76600000000067,161.76600000000067,0,long,1588950000000000000,1588952400000000000,XAUUSD-M10
491469,491473,-36.400000000001725,loss,161.76600000000067,161.76600000000067,0,long,1589306400000000000,1589308800000000000,XAUUSD-M10
491606,491610,43.900000000000276,win,161.76600000000067,161.76600000000067,0,long,1589388600000000000,1589391000000000000,XAUUSD-M10
491749,491753,23.800000000000363,win,161.76600000000067,161.76600000000067,0,long,1589474400000000000,1589476800000000000,XAUUSD-M10
491886,491890,10.600000000001,win,161.76600000000067,161.76600000000067,0,long,1589556600000000000,1589559000000000000,XAUUSD-M10
492430,492434,8.600000000000545,win,161.76600000000067,161.76600000000067,0,long,1589883000000000000,1589885400000000000,XAUUSD-M10
492459,492463,-22.900000000000365,loss,161.76600000000067,161.76600000000067,0,long,1589900400000000000,1589902800000000000,XAUUSD-M10
492618,492622,5.70000000000091,win,161.76600000000067,161.76600000000067,0,long,1589995800000000000,1589998200000000000,XAUUSD-M10
492760,492764,-47.90000000000036,loss,161.76600000000067,161.76600000000067,0,long,1590081000000000000,1590083400000000000,XAUUSD-M10
493483,493487,-41.49999999999936,loss,161.76600000000067,161.76600000000067,0,long,1590514800000000000,1590517200000000000,XAUUSD-M10
493626,493630,11.7,win,161.76600000000067,161.76600000000067,0,long,1590600600000000000,1590603000000000000,XAUUSD-M10
494503,494507,-12.100000000001092,loss,161.76600000000067,161.76600000000067,0,long,1591126800000000000,1591129200000000000,XAUUSD-M10
494623,494627,-57.70000000000054,loss,161.76600000000067,161.76600000000067,0,long,1591198800000000000,1591201200000000000,XAUUSD-M10
494771,494775,-80.8999999999999,loss,161.76600000000067,161.76600000000067,0,long,1591287600000000000,1591290000000000000,XAUUSD-M10
494911,494915,-47.00000000000118,loss,161.76600000000067,161.76600000000067,0,long,1591371600000000000,1591374000000000000,XAUUSD-M10
495493,495497,21.899999999999817,win,161.76600000000067,161.76600000000067,0,long,1591720800000000000,1591723200000000000,XAUUSD-M10
495664,495668,3.0000000000010916,win,161.76600000000067,161.76600000000067,0,long,1591823400000000000,1591825800000000000,XAUUSD-M10
495776,495780,33.20000000000091,win,161.76600000000067,161.76600000000067,0,long,1591890600000000000,1591893000000000000,XAUUSD-M10
495879,495883,-17.299999999998636,loss,161.76600000000067,161.76600000000067,0,long,1591952400000000000,1591954800000000000,XAUUSD-M10
495926,495930,-21.099999999999728,loss,161.76600000000067,161.76600000000067,0,long,1591980600000000000,1591983000000000000,XAUUSD-M10
496351,496355,-1.099999999999727,loss,161.76600000000067,161.76600000000067,0,long,1592235600000000000,1592238000000000000,XAUUSD-M10
496492,496496,20.800000000000818,win,161.76600000000067,161.76600000000067,0,long,1592320200000000000,1592322600000000000,XAUUSD-M10
496653,496657,-1.9999999999989084,loss,161.76600000000067,161.76600000000067,0,long,1592416800000000000,1592419200000000000,XAUUSD-M10
496777,496781,0.5000000000010916,win,161.76600000000067,161.76600000000067,0,long,1592491200000000000,1592493600000000000,XAUUSD-M10
497368,497372,-110.19999999999827,loss,161.76600000000067,161.76600000000067,0,long,1592845800000000000,1592848200000000000,XAUUSD-M10
497443,497447,-3.0000000000002727,loss,161.76600000000067,161.76600000000067,0,long,1592890800000000000,1592893200000000000,XAUUSD-M10
497507,497511,48.80000000000037,win,161.76600000000067,161.76600000000067,0,long,1592929200000000000,1592931600000000000,XAUUSD-M10
497649,497653,17.49999999999927,win,161.76600000000067,161.76600000000067,0,long,1593014400000000000,1593016800000000000,XAUUSD-M10
497794,497798,-33.89999999999945,loss,161.76600000000067,161.76600000000067,0,long,1593101400000000000,1593103800000000000,XAUUSD-M10
498662,498666,-40.20000000000054,loss,161.76600000000067,161.76600000000067,0,long,1593622200000000000,1593624600000000000,XAUUSD-M10
499821,499825,-8.999999999999364,loss,161.76600000000067,161.76600000000067,0,long,1594317600000000000,1594320000000000000,XAUUSD-M10
500537,500541,25.100000000001454,win,161.76600000000067,161.76600000000067,0,long,1594747200000000000,1594749600000000000,XAUUSD-M10
501656,501660,74.1000000000001,win,161.76600000000067,161.76600000000067,0,long,1595418600000000000,1595421000000000000,XAUUSD-M10
501675,501679,-17.900000000000365,loss,161.76600000000067,161.76600000000067,0,long,1595430000000000000,1595432400000000000,XAUUSD-M10
501798,501802,-31.399999999999455,loss,161.76600000000067,161.76600000000067,0,long,1595503800000000000,1595506200000000000,XAUUSD-M10
502319,502323,37.799999999999,win,161.76600000000067,161.76600000000067,0,long,1595816400000000000,1595818800000000000,XAUUSD-M10
503559,503563,94.80000000000173,win,161.76600000000067,161.76600000000067,0,long,1596560400000000000,1596562800000000000,XAUUSD-M10
506676,506680,-11.900000000001274,loss,161.76600000000067,161.76600000000067,0,long,1598430600000000000,1598433000000000000,XAUUSD-M10
508580,508584,-3.900000000001728,loss,161.76600000000067,161.76600000000067,0,long,1599573000000000000,1599575400000000000,XAUUSD-M10
508882,508886,6.899999999999818,win,161.76600000000067,161.76600000000067,0,long,1599754200000000000,1599756600000000000,XAUUSD-M10
509029,509033,-33.79999999999954,loss,161.76600000000067,161.76600000000067,0,long,1599842400000000000,1599844800000000000,XAUUSD-M10
509367,509371,30.200000000001364,win,161.76600000000067,161.76600000000067,0,long,1600045200000000000,1600047600000000000,XAUUSD-M10
509608,509612,-3.599999999999727,loss,161.76600000000067,161.76600000000067,0,long,1600189800000000000,1600192200000000000,XAUUSD-M10
509752,509756,27.399999999999363,win,161.76600000000067,161.76600000000067,0,long,1600276200000000000,1600278600000000000,XAUUSD-M10
509963,509967,3.0000000000010916,win,161.76600000000067,161.76600000000067,0,long,1600402800000000000,1600405200000000000,XAUUSD-M10
510461,510465,-53.10000000000018,loss,161.76600000000067,161.76600000000067,0,long,1600701600000000000,1600704000000000000,XAUUSD-M10
511445,511449,-33.00000000000027,loss,161.76600000000067,161.76600000000067,0,long,1601292000000000000,1601294400000000000,XAUUSD-M10
511547,511551,-14.100000000001547,loss,161.76600000000067,161.76600000000067,0,long,1601353200000000000,1601355600000000000,XAUUSD-M10
511614,511618,20.800000000000818,win,161.76600000000067,161.76600000000067,0,long,1601393400000000000,1601395800000000000,XAUUSD-M10
511760,511764,-65.8,loss,161.76600000000067,161.76600000000067,0,long,1601481000000000000,1601483400000000000,XAUUSD-M10
511903,511907,-24.099999999999273,loss,161.76600000000067,161.76600000000067,0,long,1601566800000000000,1601569200000000000,XAUUSD-M10
512002,512006,13.300000000000818,win,161.76600000000067,161.76600000000067,0,long,1601626200000000000,1601628600000000000,XAUUSD-M10
512489,512493,-10.89999999999991,loss,161.76600000000067,161.76600000000067,0,long,1601918400000000000,1601920800000000000,XAUUSD-M10
512636,512640,-14.799999999998636,loss,161.76600000000067,161.76600000000067,0,long,1602006600000000000,1602009000000000000,XAUUSD-M10
512727,512731,37.799999999999,win,161.76600000000067,161.76600000000067,0,long,1602061200000000000,1602063600000000000,XAUUSD-M10
512732,512736,-27.30000000000091,loss,161.76600000000067,161.76600000000067,0,long,1602064200000000000,1602066600000000000,XAUUSD-M10
512748,512752,-12.700000000000546,loss,161.76600000000067,161.76600000000067,0,long,1602073800000000000,1602076200000000000,XAUUSD-M10
512757,512761,26.60000000000009,win,161.76600000000067,161.76600000000067,0,long,1602079200000000000,1602081600000000000,XAUUSD-M10
512765,512769,19.00000000000018,win,161.76600000000067,161.76600000000067,0,long,1602084000000000000,1602086400000000000,XAUUSD-M10
512923,512927,16.899999999999817,win,161.76600000000067,161.76600000000067,0,long,1602178800000000000,1602181200000000000,XAUUSD-M10
512939,512943,7.099999999999636,win,161.76600000000067,161.76600000000067,0,long,1602188400000000000,1602190800000000000,XAUUSD-M10
513502,513506,12.299999999999454,win,161.76600000000067,161.76600000000067,0,long,1602526200000000000,1602528600000000000,XAUUSD-M10
513636,513640,-56.39999999999945,loss,161.76600000000067,161.76600000000067,0,long,1602606600000000000,1602609000000000000,XAUUSD-M10
513793,513797,-57.099999999998815,loss,161.76600000000067,161.76600000000067,0,long,1602700800000000000,1602703200000000000,XAUUSD-M10
513904,513908,9.799999999999454,win,161.76600000000067,161.76600000000067,0,long,1602767400000000000,1602769800000000000,XAUUSD-M10
513913,513917,32.20000000000182,win,161.76600000000067,161.76600000000067,0,long,1602772800000000000,1602775200000000000,XAUUSD-M10
513975,513979,-0.19999999999827178,loss,161.76600000000067,161.76600000000067,0,long,1602810000000000000,1602812400000000000,XAUUSD-M10
514075,514079,-11.399999999999455,loss,161.76600000000067,161.76600000000067,0,long,1602870000000000000,1602872400000000000,XAUUSD-M10
514943,514947,11.400000000000272,win,161.76600000000067,161.76600000000067,0,long,1603390800000000000,1603393200000000000,XAUUSD-M10
515795,515799,-4.900000000000818,loss,161.76600000000067,161.76600000000067,0,long,1603902000000000000,1603904400000000000,XAUUSD-M10
515934,515938,58.80000000000037,win,161.76600000000067,161.76600000000067,0,long,1603985400000000000,1603987800000000000,XAUUSD-M10
516073,516077,14.2,win,161.76600000000067,161.76600000000067,0,long,1604068800000000000,1604071200000000000,XAUUSD-M10
516722,516723,-165.06600000000068,loss,161.76600000000067,161.76600000000067,2,long,1604458200000000000,1604458800000000000,XAUUSD-M10
517476,517480,-32.099999999998815,loss,161.76600000000067,161.76600000000067,0,long,1604910600000000000,1604913000000000000,XAUUSD-M10
517507,517509,-165.06600000000068,loss,161.76600000000067,161.76600000000067,2,long,1604929200000000000,1604930400000000000,XAUUSD-M10
517774,517778,26.300000000000363,win,161.76600000000067,161.76600000000067,0,long,1605089400000000000,1605091800000000000,XAUUSD-M10
517779,517783,8.199999999998635,win,161.76600000000067,161.76600000000067,0,long,1605092400000000000,1605094800000000000,XAUUSD-M10
517792,517796,60.00000000000155,win,161.76600000000067,161.76600000000067,0,long,1605100200000000000,1605102600000000000,XAUUSD-M10
517957,517961,34.29999999999991,win,161.76600000000067,161.76600000000067,0,long,1605199200000000000,1605201600000000000,XAUUSD-M10
518517,518521,40.59999999999873,win,161.76600000000067,161.76600000000067,0,long,1605535200000000000,1605537600000000000,XAUUSD-M10
518958,518962,41.800000000002186,win,161.76600000000067,161.76600000000067,0,long,1605799800000000000,1605802200000000000,XAUUSD-M10
519542,519546,-33.89999999999945,loss,161.76600000000067,161.76600000000067,0,long,1606150200000000000,1606152600000000000,XAUUSD-M10
519606,519610,0.10000000000145537,win,161.76600000000067,161.76600000000067,0,long,1606188600000000000,1606191000000000000,XAUUSD-M10
519645,519649,-21.399999999999455,loss,161.76600000000067,161.76600000000067,0,long,1606212000000000000,1606214400000000000,XAUUSD-M10
519650,519654,6.600000000000091,win,161.76600000000067,161.76600000000067,0,long,1606215000000000000,1606217400000000000,XAUUSD-M10
519659,519663,-48.600000000002,loss,161.76600000000067,161.76600000000067,0,long,1606220400000000000,1606222800000000000,XAUUSD-M10
519740,519744,-22.599999999998364,loss,161.76600000000067,161.76600000000067,0,long,1606269000000000000,1606271400000000000,XAUUSD-M10
519747,519751,-5.699999999997817,loss,161.76600000000067,161.76600000000067,0,long,1606273200000000000,1606275600000000000,XAUUSD-M10
519831,519835,-1.800000000001364,loss,161.76600000000067,161.76600000000067,0,long,1606323600000000000,1606326000000000000,XAUUSD-M10
520116,520120,4.999999999999273,win,161.76600000000067,161.76600000000067,0,long,1606494600000000000,1606497000000000000,XAUUSD-M10
520455,520459,-24.799999999998636,loss,161.76600000000067,161.76600000000067,0,long,1606698000000000000,1606700400000000000,XAUUSD-M10
520478,520482,34.100000000000094,win,161.76600000000067,161.76600000000067,0,long,1606711800000000000,1606714200000000000,XAUUSD-M10
520688,520692,-15.200000000000546,loss,161.76600000000067,161.76600000000067,0,long,1606837800000000000,1606840200000000000,XAUUSD-M10
520830,520834,-5.099999999998363,loss,161.76600000000067,161.76600000000067,0,long,1606923000000000000,1606925400000000000,XAUUSD-M10
520977,520981,-65.39999999999809,loss,161.76600000000067,161.76600000000067,0,long,1607011200000000000,1607013600000000000,XAUUSD-M10
521122,521126,-22.700000000000546,loss,161.76600000000067,161.76600000000067,0,long,1607098200000000000,1607100600000000000,XAUUSD-M10
521556,521559,158.46600000000066,win,161.76600000000067,161.76600000000067,1,long,1607358600000000000,1607360400000000000,XAUUSD-M10
521702,521706,-21.900000000001274,loss,161.76600000000067,161.76600000000067,0,long,1607446200000000000,1607448600000000000,XAUUSD-M10
521836,521840,-8.599999999999728,loss,161.76600000000067,161.76600000000067,0,long,1607526600000000000,1607529000000000000,XAUUSD-M10
521947,521951,-8.39999999999991,loss,161.76600000000067,161.76600000000067,0,long,1607593200000000000,1607595600000000000,XAUUSD-M10
521974,521978,-5.899999999999909,loss,161.76600000000067,161.76600000000067,0,long,1607609400000000000,1607611800000000000,XAUUSD-M10
522126,522130,-7.200000000001,loss,161.76600000000067,161.76600000000067,0,long,1607700600000000000,1607703000000000000,XAUUSD-M10
522564,522568,-109.00000000000163,loss,161.76600000000067,161.76600000000067,0,long,1607963400000000000,1607965800000000000,XAUUSD-M10
522717,522721,16.79999999999991,win,161.76600000000067,161.76600000000067,0,long,1608055200000000000,1608057600000000000,XAUUSD-M10
522849,522853,-11.799999999999091,loss,161.76600000000067,161.76600000000067,0,long,1608134400000000000,1608136800000000000,XAUUSD-M10
522879,522883,25.50000000000109,win,161.76600000000067,161.76600000000067,0,long,1608152400000000000,1608154800000000000,XAUUSD-M10
522989,522993,82.80000000000128,win,161.76600000000067,161.76600000000067,0,long,1608218400000000000,1608220800000000000,XAUUSD-M10
523142,523146,5.099999999999182,win,161.76600000000067,161.76600000000067,0,long,1608310200000000000,1608312600000000000,XAUUSD-M10
523533,523537,-4.499999999998908,loss,161.76600000000067,161.76600000000067,0,long,1608544800000000000,1608547200000000000,XAUUSD-M10
523780,523784,-11.299999999999546,loss,161.76600000000067,161.76600000000067,0,long,1608693000000000000,1608695400000000000,XAUUSD-M10
523860,523864,-27.600000000000637,loss,161.76600000000067,161.76600000000067,0,long,1608741000000000000,1608743400000000000,XAUUSD-M10
524574,524578,19.399999999999817,win,161.76600000000067,161.76600000000067,0,long,1609169400000000000,1609171800000000000,XAUUSD-M10
524736,524740,-54.19999999999918,loss,161.76600000000067,161.76600000000067,0,long,1609266600000000000,1609269000000000000,XAUUSD-M10
524743,524747,4.100000000000091,win,161.76600000000067,161.76600000000067,0,long,1609270800000000000,1609273200000000000,XAUUSD-M10
525586,525590,19.099999999997817,win,161.76600000000067,161.76600000000067,0,long,1609776600000000000,1609779000000000000,XAUUSD-M10
525701,525705,14.499999999999726,win,161.76600000000067,161.76600000000067,0,long,1609845600000000000,1609848000000000000,XAUUSD-M10
525722,525726,-7.1999999999987265,loss,161.76600000000067,161.76600000000067,0,long,1609858200000000000,1609860600000000000,XAUUSD-M10
526125,526129,48.60000000000055,win,161.76600000000067,161.76600000000067,0,long,1610100000000000000,1610102400000000000,XAUUSD-M10
526875,526879,60.49999999999882,win,161.76600000000067,161.76600000000067,0,long,1610550000000000000,1610552400000000000,XAUUSD-M10
526927,526937,30.499999999998817,win,161.76600000000067,161.76600000000067,0,long,1610581200000000000,1610587200000000000,XAUUSD-M10
526956,526960,22.90000000000118,win,161.76600000000067,161.76600000000067,0,long,1610598600000000000,1610601000000000000,XAUUSD-M10
527167,527171,44.999999999999275,win,161.76600000000067,161.76600000000067,0,long,1610725200000000000,1610727600000000000,XAUUSD-M10
527751,527755,19.60000000000191,win,161.76600000000067,161.76600000000067,0,long,1611075600000000000,1611078000000000000,XAUUSD-M10
527893,527897,66.79999999999991,win,161.76600000000067,161.76600000000067,0,long,1611160800000000000,1611163200000000000,XAUUSD-M10
528033,528037,-4.500000000001182,loss,161.76600000000067,161.76600000000067,0,long,1611244800000000000,1611247200000000000,XAUUSD-M10
528174,528178,5.900000000000728,win,161.76600000000067,161.76600000000067,0,long,1611329400000000000,1611331800000000000,XAUUSD-M10
528615,528619,16.7,win,161.76600000000067,161.76600000000067,0,long,1611594000000000000,1611596400000000000,XAUUSD-M10
528902,528906,72.19999999999955,win,161.76600000000067,161.76600000000067,0,long,1611766200000000000,1611768600000000000,XAUUSD-M10
529039,529043,51.79999999999991,win,161.76600000000067,161.76600000000067,0,long,1611848400000000000,1611850800000000000,XAUUSD-M10
529155,529159,-23.599999999999728,loss,161.76600000000067,161.76600000000067,0,long,1611918000000000000,1611920400000000000,XAUUSD-M10
529721,529725,-19.199999999999182,loss,161.76600000000067,161.76600000000067,0,long,1612257600000000000,1612260000000000000,XAUUSD-M10
529920,529924,-34.900000000000816,loss,161.76600000000067,161.76600000000067,0,long,1612377000000000000,1612379400000000000,XAUUSD-M10
530047,530050,-165.06600000000068,loss,161.76600000000067,161.76600000000067,2,long,1612453200000000000,1612455000000000000,XAUUSD-M10
530190,530194,-73.20000000000009,loss,161.76600000000067,161.76600000000067,0,long,1612539000000000000,1612541400000000000,XAUUSD-M10
530535,530539,7.2999999999994545,win,161.76600000000067,161.76600000000067,0,long,1612746000000000000,1612748400000000000,XAUUSD-M10
530774,530778,46.600000000000094,win,161.76600000000067,161.76600000000067,0,long,1612889400000000000,1612891800000000000,XAUUSD-M10
530916,530920,-18.599999999999728,loss,161.76600000000067,161.76600000000067,0,long,1612974600000000000,1612977000000000000,XAUUSD-M10
531212,531216,-25.99999999999982,loss,161.76600000000067,161.76600000000067,0,long,1613152200000000000,1613154600000000000,XAUUSD-M10
531777,531781,-64.4999999999989,loss,161.76600000000067,161.76600000000067,0,long,1613491200000000000,1613493600000000000,XAUUSD-M10
531917,531921,-20.39999999999809,loss,161.76600000000067,161.76600000000067,0,long,1613575200000000000,1613577600000000000,XAUUSD-M10
532065,532069,-53.89999999999945,loss,161.76600000000067,161.76600000000067,0,long,1613664000000000000,1613666400000000000,XAUUSD-M10
532131,532135,16.29999999999809,win,161.76600000000067,161.76600000000067,0,long,1613703600000000000,1613706000000000000,XAUUSD-M10
532151,532155,28.700000000000454,win,161.76600000000067,161.76600000000067,0,long,1613715600000000000,1613718000000000000,XAUUSD-M10
532174,532178,24.40000000000209,win,161.76600000000067,161.76600000000067,0,long,1613729400000000000,1613731800000000000,XAUUSD-M10
532207,532211,42.69999999999909,win,161.76600000000067,161.76600000000067,0,long,1613749200000000000,1613751600000000000,XAUUSD-M10
532637,532641,5.200000000001364,win,161.76600000000067,161.76600000000067,0,long,1614007200000000000,1614009600000000000,XAUUSD-M10
532788,532792,27.099999999999635,win,161.76600000000067,161.76600000000067,0,long,1614097800000000000,1614100200000000000,XAUUSD-M10
532929,532933,-80.8,loss,161.76600000000067,161.76600000000067,0,long,1614182400000000000,1614184800000000000,XAUUSD-M10
533043,533047,20.600000000001,win,161.76600000000067,161.76600000000067,0,long,1614250800000000000,1614253200000000000,XAUUSD-M10
533933,533937,-30.500000000000274,loss,161.76600000000067,161.76600000000067,0,long,1614784800000000000,1614787200000000000,XAUUSD-M10
534797,534801,83.100000000001,win,161.76600000000067,161.76600000000067,0,long,1615303200000000000,1615305600000000000,XAUUSD-M10
534949,534953,-50.40000000000036,loss,161.76600000000067,161.76600000000067,0,long,1615394400000000000,1615396800000000000,XAUUSD-M10
535092,535096,-32.39999999999854,loss,161.76600000000067,161.76600000000067,0,long,1615480200000000000,1615482600000000000,XAUUSD-M10
535232,535236,-29.90000000000082,loss,161.76600000000067,161.76600000000067,0,long,1615564200000000000,1615566600000000000,XAUUSD-M10
535668,535672,7.3999999999993635,win,161.76600000000067,161.76600000000067,0,long,1615825800000000000,1615828200000000000,XAUUSD-M10
535984,535988,-29.899999999998546,loss,161.76600000000067,161.76600000000067,0,long,1616015400000000000,1616017800000000000,XAUUSD-M10
536066,536070,13.600000000000545,win,161.76600000000067,161.76600000000067,0,long,1616064600000000000,1616067000000000000,XAUUSD-M10
536238,536242,-18.70000000000191,loss,161.76600000000067,161.76600000000067,0,long,1616167800000000000,1616170200000000000,XAUUSD-M10
537126,537130,33.70000000000046,win,161.76600000000067,161.76600000000067,0,long,1616700600000000000,1616703000000000000,XAUUSD-M10
537831,537835,12.199999999999545,win,161.76600000000067,161.76600000000067,0,long,1617123600000000000,1617126000000000000,XAUUSD-M10
540858,540862,-17.199999999998727,loss,161.76600000000067,161.76600000000067,0,long,1618939800000000000,1618942200000000000,XAUUSD-M10
542878,542882,-77.60000000000063,loss,161.76600000000067,161.76600000000067,0,long,1620151800000000000,1620154200000000000,XAUUSD-M10
543299,543303,61.20000000000046,win,161.76600000000067,161.76600000000067,0,long,1620404400000000000,1620406800000000000,XAUUSD-M10
543740,543744,2.0999999999996364,win,161.76600000000067,161.76600000000067,0,long,1620669000000000000,1620671400000000000,XAUUSD-M10
543882,543886,41.7,win,161.76600000000067,161.76600000000067,0,long,1620754200000000000,1620756600000000000,XAUUSD-M10
544022,544026,-72.60000000000063,loss,161.76600000000067,161.76600000000067,0,long,1620838200000000000,1620840600000000000,XAUUSD-M10
544169,544173,20.000000000001545,win,161.76600000000067,161.76600000000067,0,long,1620926400000000000,1620928800000000000,XAUUSD-M10
544185,544189,-39.40000000000127,loss,161.76600000000067,161.76600000000067,0,long,1620936000000000000,1620938400000000000,XAUUSD-M10
545025,545029,158.46600000000066,win,161.76600000000067,161.76600000000067,1,long,1621440000000000000,1621442400000000000,XAUUSD-M10
546189,546193,-3.2000000000000908,loss,161.76600000000067,161.76600000000067,0,long,1622138400000000000,1622140800000000000,XAUUSD-M10
547191,547195,-5.300000000000455,loss,161.76600000000067,161.76600000000067,0,long,1622739600000000000,1622742000000000000,XAUUSD-M10
547332,547336,24.500000000002,win,161.76600000000067,161.76600000000067,0,long,1622824200000000000,1622826600000000000,XAUUSD-M10
548198,548202,1.6000000000000911,win,161.76600000000067,161.76600000000067,0,long,1623343800000000000,1623346200000000000,XAUUSD-M10
548772,548776,60.90000000000073,win,161.76600000000067,161.76600000000067,0,long,1623688200000000000,1623690600000000000,XAUUSD-M10
549090,549094,5.900000000000728,win,161.76600000000067,161.76600000000067,0,long,1623879000000000000,1623881400000000000,XAUUSD-M10
549159,549163,2.6000000000014554,win,161.76600000000067,161.76600000000067,0,long,1623920400000000000,1623922800000000000,XAUUSD-M10
549304,549308,-22.40000000000082,loss,161.76600000000067,161.76600000000067,0,long,1624007400000000000,1624009800000000000,XAUUSD-M10
549311,549315,33.39999999999846,win,161.76600000000067,161.76600000000067,0,long,1624011600000000000,1624014000000000000,XAUUSD-M10
549326,549330,-27.50000000000073,loss,161.76600000000067,161.76600000000067,0,long,1624020600000000000,1624023000000000000,XAUUSD-M10
549340,549344,-119.30000000000136,loss,161.76600000000067,161.76600000000067,0,long,1624029000000000000,1624031400000000000,XAUUSD-M10
549741,549745,1.200000000000455,win,161.76600000000067,161.76600000000067,0,long,1624269600000000000,1624272000000000000,XAUUSD-M10
549773,549777,27.90000000000118,win,161.76600000000067,161.76600000000067,0,long,1624288800000000000,1624291200000000000,XAUUSD-M10
550934,550938,-27.000000000001183,loss,161.76600000000067,161.76600000000067,0,long,1624985400000000000,1624987800000000000,XAUUSD-M10
551365,551369,-2.5999999999983627,loss,161.76600000000067,161.76600000000067,0,long,1625244000000000000,1625246400000000000,XAUUSD-M10
552228,552232,-53.499999999999815,loss,161.76600000000067,161.76600000000067,0,long,1625761800000000000,1625764200000000000,XAUUSD-M10
553821,553825,-9.200000000001456,loss,161.76600000000067,161.76600000000067,0,long,1626717600000000000,1626720000000000000,XAUUSD-M10
553829,553833,1.200000000000455,win,161.76600000000067,161.76600000000067,0,long,1626722400000000000,1626724800000000000,XAUUSD-M10
556415,556419,9.800000000001727,win,161.76600000000067,161.76600000000067,0,long,1628274000000000000,1628276400000000000,XAUUSD-M10
556747,556748,-165.06600000000068,loss,161.76600000000067,161.76600000000067,2,long,1628473200000000000,1628473800000000000,XAUUSD-M10
559441,559445,22.799999999999,win,161.76600000000067,161.76600000000067,0,long,1630089600000000000,1630092000000000000,XAUUSD-M10
562311,562315,-34.09999999999927,loss,161.76600000000067,161.76600000000067,0,long,1631811600000000000,1631814000000000000,XAUUSD-M10
563205,563209,-31.99999999999891,loss,161.76600000000067,161.76600000000067,0,long,1632348000000000000,1632350400000000000,XAUUSD-M10
563318,563322,6.100000000000546,win,161.76600000000067,161.76600000000067,0,long,1632415800000000000,1632418200000000000,XAUUSD-M10
564036,564040,-3.599999999999727,loss,161.76600000000067,161.76600000000067,0,long,1632846600000000000,1632849000000000000,XAUUSD-M10
564332,564336,41.10000000000055,win,161.76600000000067,161.76600000000067,0,long,1633024200000000000,1633026600000000000,XAUUSD-M10
564477,564481,40.79999999999855,win,161.76600000000067,161.76600000000067,0,long,1633111200000000000,1633113600000000000,XAUUSD-M10
565483,565487,-11.30000000000182,loss,161.76600000000067,161.76600000000067,0,long,1633714800000000000,1633717200000000000,XAUUSD-M10
566202,566206,9.299999999999908,win,161.76600000000067,161.76600000000067,0,long,1634146200000000000,1634148600000000000,XAUUSD-M10
567507,567511,74.69999999999955,win,161.76600000000067,161.76600000000067,0,long,1634929200000000000,1634931600000000000,XAUUSD-M10
568362,568366,91.30000000000037,win,161.76600000000067,161.76600000000067,0,long,1635442200000000000,1635444600000000000,XAUUSD-M10
568502,568506,41.400000000000276,win,161.76600000000067,161.76600000000067,0,long,1635526200000000000,1635528600000000000,XAUUSD-M10
569510,569514,79.00000000000018,win,161.76600000000067,161.76600000000067,0,long,1636131000000000000,1636133400000000000,XAUUSD-M10
570229,570233,-42.80000000000045,loss,161.76600000000067,161.76600000000067,0,long,1636562400000000000,1636564800000000000,XAUUSD-M10
570286,570290,-22.40000000000082,loss,161.76600000000067,161.76600000000067,0,long,1636596600000000000,1636599000000000000,XAUUSD-M10
571532,571536,-28.899999999999455,loss,161.76600000000067,161.76600000000067,0,long,1637344200000000000,1637346600000000000,XAUUSD-M10
571543,571547,30.399999999998908,win,161.76600000000067,161.76600000000067,0,long,1637350800000000000,1637353200000000000,XAUUSD-M10
571864,571868,11.500000000000181,win,161.76600000000067,161.76600000000067,0,long,1637543400000000000,1637545800000000000,XAUUSD-M10
571954,571958,-7.100000000001091,loss,161.76600000000067,161.76600000000067,0,long,1637597400000000000,1637599800000000000,XAUUSD-M10
572093,572097,8.400000000000727,win,161.76600000000067,161.76600000000067,0,long,1637680800000000000,1637683200000000000,XAUUSD-M10
572525,572529,41.79999999999991,win,161.76600000000067,161.76600000000067,0,long,1637940000000000000,1637942400000000000,XAUUSD-M10
572919,572923,29.599999999999635,win,161.76600000000067,161.76600000000067,0,long,1638176400000000000,1638178800000000000,XAUUSD-M10
573114,573117,-165.06600000000068,loss,161.76600000000067,161.76600000000067,2,long,1638293400000000000,1638295200000000000,XAUUSD-M10
573216,573220,13.300000000000818,win,161.76600000000067,161.76600000000067,0,long,1638354600000000000,1638357000000000000,XAUUSD-M10
573222,573226,16.50000000000018,win,161.76600000000067,161.76600000000067,0,long,1638358200000000000,1638360600000000000,XAUUSD-M10
573247,573251,-28.599999999999728,loss,161.76600000000067,161.76600000000067,0,long,1638373200000000000,1638375600000000000,XAUUSD-M10
573399,573403,-17.700000000000546,loss,161.76600000000067,161.76600000000067,0,long,1638464400000000000,1638466800000000000,XAUUSD-M10
573549,573553,-18.599999999999728,loss,161.76600000000067,161.76600000000067,0,long,1638554400000000000,1638556800000000000,XAUUSD-M10
581348,581352,-18.39999999999991,loss,161.76600000000067,161.76600000000067,0,long,1643233800000000000,1643236200000000000,XAUUSD-M10
581459,581463,70.39999999999891,win,161.76600000000067,161.76600000000067,0,long,1643300400000000000,1643302800000000000,XAUUSD-M10
581608,581612,-35.50000000000027,loss,161.76600000000067,161.76600000000067,0,long,1643389800000000000,1643392200000000000,XAUUSD-M10
583648,583652,54.90000000000164,win,161.76600000000067,161.76600000000067,0,long,1644613800000000000,1644616200000000000,XAUUSD-M10
584057,584061,5.900000000000728,win,161.76600000000067,161.76600000000067,0,long,1644859200000000000,1644861600000000000,XAUUSD-M10
584183,584187,-3.3,loss,161.76600000000067,161.76600000000067,0,long,1644934800000000000,1644937200000000000,XAUUSD-M10
584231,584235,-11.299999999999546,loss,161.76600000000067,161.76600000000067,0,long,1644963600000000000,1644966000000000000,XAUUSD-M10
584457,584461,-4.5999999999988175,loss,161.76600000000067,161.76600000000067,0,long,1645099200000000000,1645101600000000000,XAUUSD-M10
584481,584485,22.700000000001364,win,161.76600000000067,161.76600000000067,0,long,1645113600000000000,1645116000000000000,XAUUSD-M10
585189,585193,34.79999999999946,win,161.76600000000067,161.76600000000067,0,long,1645538400000000000,1645540800000000000,XAUUSD-M10
585197,585201,8.400000000000727,win,161.76600000000067,161.76600000000067,0,long,1645543200000000000,1645545600000000000,XAUUSD-M10
585430,585434,-115.20000000000054,loss,161.76600000000067,161.76600000000067,0,long,1645683000000000000,1645685400000000000,XAUUSD-M10
586202,586206,-4.199999999999181,loss,161.76600000000067,161.76600000000067,0,long,1646146200000000000,1646148600000000000,XAUUSD-M10
586456,586460,58.100000000001,win,161.76600000000067,161.76600000000067,0,long,1646298600000000000,1646301000000000000,XAUUSD-M10
588625,588629,-18.500000000002093,loss,161.76600000000067,161.76600000000067,0,long,1647600000000000000,1647602400000000000,XAUUSD-M10
588630,588634,40.300000000001276,win,161.76600000000067,161.76600000000067,0,long,1647603000000000000,1647605400000000000,XAUUSD-M10
589089,589093,-11.199999999999637,loss,161.76600000000067,161.76600000000067,0,long,1647878400000000000,1647880800000000000,XAUUSD-M10
589104,589108,-67.60000000000063,loss,161.76600000000067,161.76600000000067,0,long,1647887400000000000,1647889800000000000,XAUUSD-M10
589233,589237,-0.20000000000054552,loss,161.76600000000067,161.76600000000067,0,long,1647964800000000000,1647967200000000000,XAUUSD-M10
589514,589518,63.79999999999809,win,161.76600000000067,161.76600000000067,0,long,1648133400000000000,1648135800000000000,XAUUSD-M10
589662,589666,68.30000000000082,win,161.76600000000067,161.76600000000067,0,long,1648222200000000000,1648224600000000000,XAUUSD-M10
590069,590073,-44.50000000000118,loss,161.76600000000067,161.76600000000067,0,long,1648466400000000000,1648468800000000000,XAUUSD-M10
590233,590237,-59.399999999999,loss,161.76600000000067,161.76600000000067,0,long,1648564800000000000,1648567200000000000,XAUUSD-M10
590314,590318,1.400000000000273,win,161.76600000000067,161.76600000000067,0,long,1648613400000000000,1648615800000000000,XAUUSD-M10
590357,590361,-15.000000000000728,loss,161.76600000000067,161.76600000000067,0,long,1648639200000000000,1648641600000000000,XAUUSD-M10
590380,590384,-30.400000000000365,loss,161.76600000000067,161.76600000000067,0,long,1648653000000000000,1648655400000000000,XAUUSD-M10
590532,590536,-18.20000000000009,loss,161.76600000000067,161.76600000000067,0,long,1648744200000000000,1648746600000000000,XAUUSD-M10
590673,590677,58.599999999998275,win,161.76600000000067,161.76600000000067,0,long,1648828800000000000,1648831200000000000,XAUUSD-M10
591110,591114,50.80000000000082,win,161.76600000000067,161.76600000000067,0,long,1649091000000000000,1649093400000000000,XAUUSD-M10
591257,591261,-25.8,loss,161.76600000000067,161.76600000000067,0,long,1649179200000000000,1649181600000000000,XAUUSD-M10
591391,591395,14.399999999999817,win,161.76600000000067,161.76600000000067,0,long,1649259600000000000,1649262000000000000,XAUUSD-M10
591548,591552,-54.699999999998724,loss,161.76600000000067,161.76600000000067,0,long,1649353800000000000,1649356200000000000,XAUUSD-M10
592111,592115,-19.80000000000091,loss,161.76600000000067,161.76600000000067,0,long,1649691600000000000,1649694000000000000,XAUUSD-M10
592255,592259,41.00000000000064,win,161.76600000000067,161.76600000000067,0,long,1649778000000000000,1649780400000000000,XAUUSD-M10
592403,592407,2.4999999999992726,win,161.76600000000067,161.76600000000067,0,long,1649866800000000000,1649869200000000000,XAUUSD-M10
592549,592553,-22.900000000000365,loss,161.76600000000067,161.76600000000067,0,long,1649954400000000000,1649956800000000000,XAUUSD-M10
593267,593271,-22.600000000000637,loss,161.76600000000067,161.76600000000067,0,long,1650385200000000000,1650387600000000000,XAUUSD-M10
593412,593416,50.19999999999909,win,161.76600000000067,161.76600000000067,0,long,1650472200000000000,1650474600000000000,XAUUSD-M10
593559,593563,-10.000000000000728,loss,161.76600000000067,161.76600000000067,0,long,1650560400000000000,1650562800000000000,XAUUSD-M10
593693,593697,-22.700000000000546,loss,161.76600000000067,161.76600000000067,0,long,1650640800000000000,1650643200000000000,XAUUSD-M10
594079,594083,-3.799999999999545,loss,161.76600000000067,161.76600000000067,0,long,1650872400000000000,1650874800000000000,XAUUSD-M10
594086,594090,-8.3,loss,161.76600000000067,161.76600000000067,0,long,1650876600000000000,1650879000000000000,XAUUSD-M10
594200,594204,-13.39999999999991,loss,161.76600000000067,161.76600000000067,0,long,1650945000000000000,1650947400000000000,XAUUSD-M10
594211,594215,-1.099999999999727,loss,161.76600000000067,161.76600000000067,0,long,1650951600000000000,1650954000000000000,XAUUSD-M10
594270,594274,38.30000000000082,win,161.76600000000067,161.76600000000067,0,long,1650987000000000000,1650989400000000000,XAUUSD-M10
594411,594415,-19.49999999999891,loss,161.76600000000067,161.76600000000067,0,long,1651071600000000000,1651074000000000000,XAUUSD-M10
594535,594539,2.7000000000013644,win,161.76600000000067,161.76600000000067,0,long,1651146000000000000,1651148400000000000,XAUUSD-M10
594554,594558,37.800000000001276,win,161.76600000000067,161.76600000000067,0,long,1651157400000000000,1651159800000000000,XAUUSD-M10
594707,594711,0.19999999999909068,win,161.76600000000067,161.76600000000067,0,long,1651249200000000000,1651251600000000000,XAUUSD-M10
595133,595137,-141.09999999999974,loss,161.76600000000067,161.76600000000067,0,long,1651504800000000000,1651507200000000000,XAUUSD-M10
595283,595287,46.500000000000185,win,161.76600000000067,161.76600000000067,0,long,1651594800000000000,1651597200000000000,XAUUSD-M10
595456,595460,126.00000000000064,win,161.76600000000067,161.76600000000067,0,long,1651698600000000000,1651701000000000000,XAUUSD-M10
595711,595715,6.799999999999909,win,161.76600000000067,161.76600000000067,0,long,1651851600000000000,1651854000000000000,XAUUSD-M10
596139,596143,27.399999999999363,win,161.76600000000067,161.76600000000067,0,long,1652108400000000000,1652110800000000000,XAUUSD-M10
596299,596303,6.800000000002183,win,161.76600000000067,161.76600000000067,0,long,1652204400000000000,1652206800000000000,XAUUSD-M10
596431,596435,103.899999999998,win,161.76600000000067,161.76600000000067,0,long,1652283600000000000,1652286000000000000,XAUUSD-M10
596553,596557,-10.000000000000728,loss,161.76600000000067,161.76600000000067,0,long,1652356800000000000,1652359200000000000,XAUUSD-M10
596562,596566,-50.000000000000725,loss,161.76600000000067,161.76600000000067,0,long,1652362200000000000,1652364600000000000,XAUUSD-M10
596719,596723,-70.8,loss,161.76600000000067,161.76600000000067,0,long,1652456400000000000,1652458800000000000,XAUUSD-M10
597122,597126,37.599999999999184,win,161.76600000000067,161.76600000000067,0,long,1652698200000000000,1652700600000000000,XAUUSD-M10
597301,597305,11.399999999997998,win,161.76600000000067,161.76600000000067,0,long,1652805600000000000,1652808000000000000,XAUUSD-M10
597330,597334,16.000000000000636,win,161.76600000000067,161.76600000000067,0,long,1652823000000000000,1652825400000000000,XAUUSD-M10
597455,597459,37.69999999999909,win,161.76600000000067,161.76600000000067,0,long,1652898000000000000,1652900400000000000,XAUUSD-M10
597468,597472,11.100000000000545,win,161.76600000000067,161.76600000000067,0,long,1652905800000000000,1652908200000000000,XAUUSD-M10
597583,597587,-5.400000000000364,loss,161.76600000000067,161.76600000000067,0,long,1652974800000000000,1652977200000000000,XAUUSD-M10
600760,600763,158.46600000000066,win,161.76600000000067,161.76600000000067,1,long,1654881000000000000,1654882800000000000,XAUUSD-M10
601180,601184,-64.69999999999872,loss,161.76600000000067,161.76600000000067,0,long,1655133000000000000,1655135400000000000,XAUUSD-M10
601324,601328,13.399999999998453,win,161.76600000000067,161.76600000000067,0,long,1655219400000000000,1655221800000000000,XAUUSD-M10
601368,601372,-32.70000000000054,loss,161.76600000000067,161.76600000000067,0,long,1655245800000000000,1655248200000000000,XAUUSD-M10
601472,601476,-42.10000000000109,loss,161.76600000000067,161.76600000000067,0,long,1655308200000000000,1655310600000000000,XAUUSD-M10
601590,601594,17.49999999999927,win,161.76600000000067,161.76600000000067,0,long,1655379000000000000,1655381400000000000,XAUUSD-M10
601768,601772,8.00000000000109,win,161.76600000000067,161.76600000000067,0,long,1655485800000000000,1655488200000000000,XAUUSD-M10
602487,602491,-37.999999999997996,loss,161.76600000000067,161.76600000000067,0,long,1655917200000000000,1655919600000000000,XAUUSD-M10
602777,602781,3.800000000000364,win,161.76600000000067,161.76600000000067,0,long,1656091200000000000,1656093600000000000,XAUUSD-M10
603643,603647,20.09999999999918,win,161.76600000000067,161.76600000000067,0,long,1656610800000000000,1656613200000000000,XAUUSD-M10
603777,603781,-7.300000000000909,loss,161.76600000000067,161.76600000000067,0,long,1656691200000000000,1656693600000000000,XAUUSD-M10
604359,604363,3.7999999999980902,win,161.76600000000067,161.76600000000067,0,long,1657040400000000000,1657042800000000000,XAUUSD-M10
604501,604505,-50.29999999999818,loss,161.76600000000067,161.76600000000067,0,long,1657125600000000000,1657128000000000000,XAUUSD-M10
604786,604790,-57.70000000000054,loss,161.76600000000067,161.76600000000067,0,long,1657296600000000000,1657299000000000000,XAUUSD-M10
605508,605512,17.299999999999454,win,161.76600000000067,161.76600000000067,0,long,1657729800000000000,1657732200000000000,XAUUSD-M10
605645,605649,-53.69999999999963,loss,161.76600000000067,161.76600000000067,0,long,1657812000000000000,1657814400000000000,XAUUSD-M10
605796,605800,-56.19999999999963,loss,161.76600000000067,161.76600000000067,0,long,1657902600000000000,1657905000000000000,XAUUSD-M10
606659,606663,91.20000000000046,win,161.76600000000067,161.76600000000067,0,long,1658420400000000000,1658422800000000000,XAUUSD-M10
606809,606813,-15.600000000000183,loss,161.76600000000067,161.76600000000067,0,long,1658510400000000000,1658512800000000000,XAUUSD-M10
606834,606838,-5.500000000000273,loss,161.76600000000067,161.76600000000067,0,long,1658525400000000000,1658527800000000000,XAUUSD-M10
607667,607671,-7.800000000000455,loss,161.76600000000067,161.76600000000067,0,long,1659025200000000000,1659027600000000000,XAUUSD-M10
607825,607829,-40.30000000000045,loss,161.76600000000067,161.76600000000067,0,long,1659120000000000000,1659122400000000000,XAUUSD-M10
608253,608257,39.29999999999991,win,161.76600000000067,161.76600000000067,0,long,1659376800000000000,1659379200000000000,XAUUSD-M10
608392,608396,-92.200000000001,loss,161.76600000000067,161.76600000000067,0,long,1659460200000000000,1659462600000000000,XAUUSD-M10
608538,608542,-15.700000000000092,loss,161.76600000000067,161.76600000000067,0,long,1659547800000000000,1659550200000000000,XAUUSD-M10
608827,608831,-17.700000000000546,loss,161.76600000000067,161.76600000000067,0,long,1659721200000000000,1659723600000000000,XAUUSD-M10
611859,611863,14.799999999999454,win,161.76600000000067,161.76600000000067,0,long,1661540400000000000,1661542800000000000,XAUUSD-M10
612717,612721,6.500000000000182,win,161.76600000000067,161.76600000000067,0,long,1662055200000000000,1662057600000000000,XAUUSD-M10
614438,614442,-0.8999999999999089,loss,161.76600000000067,161.76600000000067,0,long,1663087800000000000,1663090200000000000,XAUUSD-M10
614732,614736,-11.099999999999728,loss,161.76600000000067,161.76600000000067,0,long,1663264200000000000,1663266600000000000,XAUUSD-M10
614873,614877,-8.200000000000092,loss,161.76600000000067,161.76600000000067,0,long,1663348800000000000,1663351200000000000,XAUUSD-M10
615618,615622,70.69999999999864,win,161.76600000000067,161.76600000000067,0,long,1663795800000000000,1663798200000000000,XAUUSD-M10
615699,615703,79.59999999999964,win,161.76600000000067,161.76600000000067,0,long,1663844400000000000,1663846800000000000,XAUUSD-M10
615863,615867,7.099999999999636,win,161.76600000000067,161.76600000000067,0,long,1663942800000000000,1663945200000000000,XAUUSD-M10
616457,616461,17.799999999999,win,161.76600000000067,161.76600000000067,0,long,1664299200000000000,1664301600000000000,XAUUSD-M10
616580,616584,-55.60000000000018,loss,161.76600000000067,161.76600000000067,0,long,1664373000000000000,1664375400000000000,XAUUSD-M10
616734,616738,63.100000000001,win,161.76600000000067,161.76600000000067,0,long,1664465400000000000,1664467800000000000,XAUUSD-M10
616884,616888,38.30000000000082,win,161.76600000000067,161.76600000000067,0,long,1664555400000000000,1664557800000000000,XAUUSD-M10
617318,617321,158.46600000000066,win,161.76600000000067,161.76600000000067,1,long,1664815800000000000,1664817600000000000,XAUUSD-M10
617457,617461,-21.800000000001365,loss,161.76600000000067,161.76600000000067,0,long,1664899200000000000,1664901600000000000,XAUUSD-M10
617599,617603,-12.200000000001001,loss,161.76600000000067,161.76600000000067,0,long,1664984400000000000,1664986800000000000,XAUUSD-M10
617750,617754,-35.30000000000045,loss,161.76600000000067,161.76600000000067,0,long,1665075000000000000,1665077400000000000,XAUUSD-M10
617888,617892,27.20000000000182,win,161.76600000000067,161.76600000000067,0,long,1665157800000000000,1665160200000000000,XAUUSD-M10
618328,618332,-87.70000000000054,loss,161.76600000000067,161.76600000000067,0,long,1665421800000000000,1665424200000000000,XAUUSD-M10
618480,618484,18.600000000000545,win,161.76600000000067,161.76600000000067,0,long,1665513000000000000,1665515400000000000,XAUUSD-M10
618500,618504,0.29999999999899973,win,161.76600000000067,161.76600000000067,0,long,1665525000000000000,1665527400000000000,XAUUSD-M10
618752,618756,-98.00000000000027,loss,161.76600000000067,161.76600000000067,0,long,1665676200000000000,1665678600000000000,XAUUSD-M10
618829,618833,10.299999999998999,win,161.76600000000067,161.76600000000067,0,long,1665722400000000000,1665724800000000000,XAUUSD-M10
618888,618892,-45.999999999999815,loss,161.76600000000067,161.76600000000067,0,long,1665757800000000000,1665760200000000000,XAUUSD-M10
619907,619911,107.60000000000146,win,161.76600000000067,161.76600000000067,0,long,1666369200000000000,1666371600000000000,XAUUSD-M10
620296,620300,-5.000000000000727,loss,161.76600000000067,161.76600000000067,0,long,1666602600000000000,1666605000000000000,XAUUSD-M10
620302,620306,-23.20000000000009,loss,161.76600000000067,161.76600000000067,0,long,1666606200000000000,1666608600000000000,XAUUSD-M10
620329,620333,-14.500000000001183,loss,161.76600000000067,161.76600000000067,0,long,1666622400000000000,1666624800000000000,XAUUSD-M10
620916,620920,-41.79999999999909,loss,161.76600000000067,161.76600000000067,0,long,1666974600000000000,1666977000000000000,XAUUSD-M10
621662,621666,-114.59999999999881,loss,161.76600000000067,161.76600000000067,0,long,1667422200000000000,1667424600000000000,XAUUSD-M10
621777,621781,70.299999999999,win,161.76600000000067,161.76600000000067,0,long,1667491200000000000,1667493600000000000,XAUUSD-M10
621916,621920,9.699999999999545,win,161.76600000000067,161.76600000000067,0,long,1667574600000000000,1667577000000000000,XAUUSD-M10
622264,622268,-38.10000000000018,loss,161.76600000000067,161.76600000000067,0,long,1667783400000000000,1667785800000000000,XAUUSD-M10
622278,622282,-41.899999999999,loss,161.76600000000067,161.76600000000067,0,long,1667791800000000000,1667794200000000000,XAUUSD-M10
622507,622511,9.899999999999363,win,161.76600000000067,161.76600000000067,0,long,1667929200000000000,1667931600000000000,XAUUSD-M10
622648,622652,-56.90000000000127,loss,161.76600000000067,161.76600000000067,0,long,1668013800000000000,1668016200000000000,XAUUSD-M10
622665,622669,-63.89999999999945,loss,161.76600000000067,161.76600000000067,0,long,1668024000000000000,1668026400000000000,XAUUSD-M10
622784,622788,46.7,win,161.76600000000067,161.76600000000067,0,long,1668095400000000000,1668097800000000000,XAUUSD-M10
622893,622897,57.499999999999275,win,161.76600000000067,161.76600000000067,0,long,1668160800000000000,1668163200000000000,XAUUSD-M10
623506,623510,-44.99999999999845,loss,161.76600000000067,161.76600000000067,0,long,1668528600000000000,1668531000000000000,XAUUSD-M10
625694,625698,32.900000000001185,win,161.76600000000067,161.76600000000067,0,long,1669841400000000000,1669843800000000000,XAUUSD-M10
625816,625820,-13.499999999999819,loss,161.76600000000067,161.76600000000067,0,long,1669914600000000000,1669917000000000000,XAUUSD-M10
625965,625969,73.09999999999873,win,161.76600000000067,161.76600000000067,0,long,1670004000000000000,1670006400000000000,XAUUSD-M10
627542,627546,-103.00000000000027,loss,161.76600000000067,161.76600000000067,0,long,1670950200000000000,1670952600000000000,XAUUSD-M10
627716,627720,18.399999999998453,win,161.76600000000067,161.76600000000067,0,long,1671054600000000000,1671057000000000000,XAUUSD-M10
627825,627829,31.200000000000454,win,161.76600000000067,161.76600000000067,0,long,1671120000000000000,1671122400000000000,XAUUSD-M10
630564,630568,-88.20000000000009,loss,161.76600000000067,161.76600000000067,0,long,1672763400000000000,1672765800000000000,XAUUSD-M10
630711,630715,40.300000000001276,win,161.76600000000067,161.76600000000067,0,long,1672851600000000000,1672854000000000000,XAUUSD-M10
630848,630852,1.6000000000000911,win,161.76600000000067,161.76600000000067,0,long,1672933800000000000,1672936200000000000,XAUUSD-M10
630998,630999,158.46600000000066,win,161.76600000000067,161.76600000000067,1,long,1673023800000000000,1673024400000000000,XAUUSD-M10
631858,631862,-61.099999999999724,loss,161.76600000000067,161.76600000000067,0,long,1673539800000000000,1673542200000000000,XAUUSD-M10
632011,632015,-21.299999999999546,loss,161.76600000000067,161.76600000000067,0,long,1673631600000000000,1673634000000000000,XAUUSD-M10
632729,632733,-65.99999999999982,loss,161.76600000000067,161.76600000000067,0,long,1674062400000000000,1674064800000000000,XAUUSD-M10
633451,633455,-1.500000000001637,loss,161.76600000000067,161.76600000000067,0,long,1674495600000000000,1674498000000000000,XAUUSD-M10
633597,633601,-33.89999999999945,loss,161.76600000000067,161.76600000000067,0,long,1674583200000000000,1674585600000000000,XAUUSD-M10
633739,633743,11.799999999999908,win,161.76600000000067,161.76600000000067,0,long,1674668400000000000,1674670800000000000,XAUUSD-M10
633752,633756,29.699999999999545,win,161.76600000000067,161.76600000000067,0,long,1674676200000000000,1674678600000000000,XAUUSD-M10
633877,633881,12.799999999998999,win,161.76600000000067,161.76600000000067,0,long,1674751200000000000,1674753600000000000,XAUUSD-M10
634027,634031,99.1000000000001,win,161.76600000000067,161.76600000000067,0,long,1674841200000000000,1674843600000000000,XAUUSD-M10
634592,634596,2.1999999999995454,win,161.76600000000067,161.76600000000067,0,long,1675180200000000000,1675182600000000000,XAUUSD-M10
634770,634774,105.09999999999918,win,161.76600000000067,161.76600000000067,0,long,1675287000000000000,1675289400000000000,XAUUSD-M10
634885,634887,-165.06600000000068,loss,161.76600000000067,161.76600000000067,2,long,1675356000000000000,1675357200000000000,XAUUSD-M10
635023,635027,-40.60000000000018,loss,161.76600000000067,161.76600000000067,0,long,1675438800000000000,1675441200000000000,XAUUSD-M10
635422,635426,-25.99999999999982,loss,161.76600000000067,161.76600000000067,0,long,1675678200000000000,1675680600000000000,XAUUSD-M10
635459,635463,-12.900000000000365,loss,161.76600000000067,161.76600000000067,0,long,1675700400000000000,1675702800000000000,XAUUSD-M10
635614,635618,-20.500000000000274,loss,161.76600000000067,161.76600000000067,0,long,1675793400000000000,1675795800000000000,XAUUSD-M10
635622,635626,-2.5999999999983627,loss,161.76600000000067,161.76600000000067,0,long,1675798200000000000,1675800600000000000,XAUUSD-M10
635749,635753,-4.399999999998999,loss,161.76600000000067,161.76600000000067,0,long,1675874400000000000,1675876800000000000,XAUUSD-M10
635901,635905,16.400000000000272,win,161.76600000000067,161.76600000000067,0,long,1675965600000000000,1675968000000000000,XAUUSD-M10
636004,636008,18.800000000000363,win,161.76600000000067,161.76600000000067,0,long,1676027400000000000,1676029800000000000,XAUUSD-M10
636031,636035,4.299999999999909,win,161.76600000000067,161.76600000000067,0,long,1676043600000000000,1676046000000000000,XAUUSD-M10
636036,636040,26.100000000000545,win,161.76600000000067,161.76600000000067,0,long,1676046600000000000,1676049000000000000,XAUUSD-M10
636608,636612,-165.06600000000068,loss,161.76600000000067,161.76600000000067,2,long,1676389800000000000,1676392200000000000,XAUUSD-M10
636755,636759,-5.000000000000727,loss,161.76600000000067,161.76600000000067,0,long,1676478000000000000,1676480400000000000,XAUUSD-M10
636911,636915,18.900000000000272,win,161.76600000000067,161.76600000000067,0,long,1676571600000000000,1676574000000000000,XAUUSD-M10
637050,637054,-10.600000000000183,loss,161.76600000000067,161.76600000000067,0,long,1676655000000000000,1676657400000000000,XAUUSD-M10
640073,640077,-28.000000000000274,loss,161.76600000000067,161.76600000000067,0,long,1678468800000000000,1678471200000000000,XAUUSD-M10
640594,640598,-20.100000000000637,loss,161.76600000000067,161.76600000000067,0,long,1678781400000000000,1678783800000000000,XAUUSD-M10
640763,640767,-4.099999999999272,loss,161.76600000000067,161.76600000000067,0,long,1678882800000000000,1678885200000000000,XAUUSD-M10
641070,641074,25.799999999998544,win,161.76600000000067,161.76600000000067,0,long,1679067000000000000,1679069400000000000,XAUUSD-M10
641602,641606,-60.899999999999906,loss,161.76600000000067,161.76600000000067,0,long,1679386200000000000,1679388600000000000,XAUUSD-M10
641715,641719,-10.999999999999819,loss,161.76600000000067,161.76600000000067,0,long,1679454000000000000,1679456400000000000,XAUUSD-M10
641787,641791,12.900000000001182,win,161.76600000000067,161.76600000000067,0,long,1679497200000000000,1679499600000000000,XAUUSD-M10
642043,642047,-34.09999999999927,loss,161.76600000000067,161.76600000000067,0,long,1679650800000000000,1679653200000000000,XAUUSD-M10
642470,642474,-9.49999999999891,loss,161.76600000000067,161.76600000000067,0,long,1679907000000000000,1679909400000000000,XAUUSD-M10
642491,642495,-106.70000000000145,loss,161.76600000000067,161.76600000000067,0,long,1679919600000000000,1679922000000000000,XAUUSD-M10
642668,642672,-20.500000000000274,loss,161.76600000000067,161.76600000000067,0,long,1680025800000000000,1680028200000000000,XAUUSD-M10
642818,642822,24.399999999999817,win,161.76600000000067,161.76600000000067,0,long,1680115800000000000,1680118200000000000,XAUUSD-M10
643115,643119,1.200000000000455,win,161.76600000000067,161.76600000000067,0,long,1680294000000000000,1680296400000000000,XAUUSD-M10
643125,643129,-4.29999999999909,loss,161.76600000000067,161.76600000000067,0,long,1680300000000000000,1680302400000000000,XAUUSD-M10
643431,643435,-34.20000000000145,loss,161.76600000000067,161.76600000000067,0,long,1680483600000000000,1680486000000000000,XAUUSD-M10
643491,643495,4.2,win,161.76600000000067,161.76600000000067,0,long,1680519600000000000,1680522000000000000,XAUUSD-M10
643524,643528,92.49999999999928,win,161.76600000000067,161.76600000000067,0,long,1680539400000000000,1680541800000000000,XAUUSD-M10
643672,643676,-45.40000000000036,loss,161.76600000000067,161.76600000000067,0,long,1680628200000000000,1680630600000000000,XAUUSD-M10
643816,643820,-70.40000000000036,loss,161.76600000000067,161.76600000000067,0,long,1680714600000000000,1680717000000000000,XAUUSD-M10
644442,644446,-8.599999999999728,loss,161.76600000000067,161.76600000000067,0,long,1681090200000000000,1681092600000000000,XAUUSD-M10
644536,644540,-38.69999999999963,loss,161.76600000000067,161.76600000000067,0,long,1681146600000000000,1681149000000000000,XAUUSD-M10
644820,644824,-29.59999999999882,loss,161.76600000000067,161.76600000000067,0,long,1681317000000000000,1681319400000000000,XAUUSD-M10
644966,644970,-95.99999999999982,loss,161.76600000000067,161.76600000000067,0,long,1681404600000000000,1681407000000000000,XAUUSD-M10
645103,645107,52.29999999999946,win,161.76600000000067,161.76600000000067,0,long,1681486800000000000,1681489200000000000,XAUUSD-M10
645540,645544,-40.60000000000018,loss,161.76600000000067,161.76600000000067,0,long,1681749000000000000,1681751400000000000,XAUUSD-M10
645696,645700,-24.49999999999891,loss,161.76600000000067,161.76600000000067,0,long,1681842600000000000,1681845000000000000,XAUUSD-M10
645808,645812,2.5000000000015463,win,161.76600000000067,161.76600000000067,0,long,1681909800000000000,1681912200000000000,XAUUSD-M10
645820,645824,73.0000000000011,win,161.76600000000067,161.76600000000067,0,long,1681917000000000000,1681919400000000000,XAUUSD-M10
645975,645979,-64.8000000000009,loss,161.76600000000067,161.76600000000067,0,long,1682010000000000000,1682012400000000000,XAUUSD-M10
646110,646114,17.10000000000191,win,161.76600000000067,161.76600000000067,0,long,1682091000000000000,1682093400000000000,XAUUSD-M10
646687,646691,-45.19999999999827,loss,161.76600000000067,161.76600000000067,0,long,1682437200000000000,1682439600000000000,XAUUSD-M10
646838,646842,-31.299999999999546,loss,161.76600000000067,161.76600000000067,0,long,1682527800000000000,1682530200000000000,XAUUSD-M10
646978,646982,12.59999999999918,win,161.76600000000067,161.76600000000067,0,long,1682611800000000000,1682614200000000000,XAUUSD-M10
647127,647131,38.80000000000037,win,161.76600000000067,161.76600000000067,0,long,1682701200000000000,1682703600000000000,XAUUSD-M10
647560,647564,-47.400000000000816,loss,161.76600000000067,161.76600000000067,0,long,1682961000000000000,1682963400000000000,XAUUSD-M10
647714,647718,2.4000000000016373,win,161.76600000000067,161.76600000000067,0,long,1683053400000000000,1683055800000000000,XAUUSD-M10
647871,647875,-14.49999999999891,loss,161.76600000000067,161.76600000000067,0,long,1683147600000000000,1683150000000000000,XAUUSD-M10
648127,648131,-52.79999999999818,loss,161.76600000000067,161.76600000000067,0,long,1683301200000000000,1683303600000000000,XAUUSD-M10
648858,648862,-81.00000000000209,loss,161.76600000000067,161.76600000000067,0,long,1683739800000000000,1683742200000000000,XAUUSD-M10
648995,648998,-165.06600000000068,loss,161.76600000000067,161.76600000000067,2,long,1683822000000000000,1683823800000000000,XAUUSD-M10
649145,649149,-35.60000000000018,loss,161.76600000000067,161.76600000000067,0,long,1683912000000000000,1683914400000000000,XAUUSD-M10
650160,650164,-70.30000000000045,loss,161.76600000000067,161.76600000000067,0,long,1684521000000000000,1684523400000000000,XAUUSD-M10
651013,651017,12.199999999999545,win,161.76600000000067,161.76600000000067,0,long,1685032800000000000,1685035200000000000,XAUUSD-M10
653759,653763,3.500000000000637,win,161.76600000000067,161.76600000000067,0,long,1686680400000000000,1686682800000000000,XAUUSD-M10
653928,653932,-1.4999999999993632,loss,161.76600000000067,161.76600000000067,0,long,1686781800000000000,1686784200000000000,XAUUSD-M10
654035,654039,149.79999999999944,win,161.76600000000067,161.76600000000067,0,long,1686846000000000000,1686848400000000000,XAUUSD-M10
654909,654913,15.09999999999918,win,161.76600000000067,161.76600000000067,0,long,1687370400000000000,1687372800000000000,XAUUSD-M10
654917,654921,12.199999999999545,win,161.76600000000067,161.76600000000067,0,long,1687375200000000000,1687377600000000000,XAUUSD-M10
660087,660091,-20.8,loss,161.76600000000067,161.76600000000067,0,long,1690477200000000000,1690479600000000000,XAUUSD-M10
669883,669887,-53.50000000000209,loss,161.76600000000067,161.76600000000067,0,long,1696354800000000000,1696357200000000000,XAUUSD-M10
670647,670651,-61.69999999999918,loss,161.76600000000067,161.76600000000067,0,long,1696813200000000000,1696815600000000000,XAUUSD-M10
671322,671326,54.49999999999973,win,161.76600000000067,161.76600000000067,0,long,1697218200000000000,1697220600000000000,XAUUSD-M10
672043,672047,-40.70000000000009,loss,161.76600000000067,161.76600000000067,0,long,1697650800000000000,1697653200000000000,XAUUSD-M10
672198,672202,108.39999999999846,win,161.76600000000067,161.76600000000067,0,long,1697743800000000000,1697746200000000000,XAUUSD-M10
672326,672330,19.800000000001727,win,161.76600000000067,161.76600000000067,0,long,1697820600000000000,1697823000000000000,XAUUSD-M10
672757,672761,33.70000000000046,win,161.76600000000067,161.76600000000067,0,long,1698079200000000000,1698081600000000000,XAUUSD-M10
672912,672916,66.00000000000064,win,161.76600000000067,161.76600000000067,0,long,1698172200000000000,1698174600000000000,XAUUSD-M10
673053,673057,95.80000000000082,win,161.76600000000067,161.76600000000067,0,long,1698256800000000000,1698259200000000000,XAUUSD-M10
673199,673203,38.60000000000055,win,161.76600000000067,161.76600000000067,0,long,1698344400000000000,1698346800000000000,XAUUSD-M10
673204,673208,-13.999999999999364,loss,161.76600000000067,161.76600000000067,0,long,1698347400000000000,1698349800000000000,XAUUSD-M10
673360,673364,0.3999999999989088,win,161.76600000000067,161.76600000000067,0,long,1698441000000000000,1698443400000000000,XAUUSD-M10
674080,674084,-18.3,loss,161.76600000000067,161.76600000000067,0,long,1698873000000000000,1698875400000000000,XAUUSD-M10
674338,674342,10.400000000001182,win,161.76600000000067,161.76600000000067,0,long,1699027800000000000,1699030200000000000,XAUUSD-M10
678382,678386,27.800000000001273,win,161.76600000000067,161.76600000000067,0,long,1701454200000000000,1701456600000000000,XAUUSD-M10
678711,678712,158.46600000000066,win,161.76600000000067,161.76600000000067,1,long,1701651600000000000,1701652200000000000,XAUUSD-M10
679094,679098,52.399999999999366,win,161.76600000000067,161.76600000000067,0,long,1701881400000000000,1701883800000000000,XAUUSD-M10
679255,679259,10.400000000001182,win,161.76600000000067,161.76600000000067,0,long,1701978000000000000,1701980400000000000,XAUUSD-M10
679380,679384,67.09999999999964,win,161.76600000000067,161.76600000000067,0,long,1702053000000000000,1702055400000000000,XAUUSD-M10
680131,680135,4.999999999999273,win,161.76600000000067,161.76600000000067,0,long,1702503600000000000,1702506000000000000,XAUUSD-M10
680235,680239,3.500000000000637,win,161.76600000000067,161.76600000000067,0,long,1702566000000000000,1702568400000000000,XAUUSD-M10
680411,680415,-37.10000000000109,loss,161.76600000000067,161.76600000000067,0,long,1702671600000000000,1702674000000000000,XAUUSD-M10
680423,680427,-27.600000000000637,loss,161.76600000000067,161.76600000000067,0,long,1702678800000000000,1702681200000000000,XAUUSD-M10
681409,681413,25.799999999998544,win,161.76600000000067,161.76600000000067,0,long,1703270400000000000,1703272800000000000,XAUUSD-M10
682986,682990,73.0000000000011,win,161.76600000000067,161.76600000000067,0,long,1704216600000000000,1704219000000000000,XAUUSD-M10
683127,683131,-108.00000000000027,loss,161.76600000000067,161.76600000000067,0,long,1704301200000000000,1704303600000000000,XAUUSD-M10
683413,683416,158.46600000000066,win,161.76600000000067,161.76600000000067,1,long,1704472800000000000,1704474600000000000,XAUUSD-M10
683844,683848,73.49999999999837,win,161.76600000000067,161.76600000000067,0,long,1704731400000000000,1704733800000000000,XAUUSD-M10
684287,684291,-25.400000000000365,loss,161.76600000000067,161.76600000000067,0,long,1704997200000000000,1704999600000000000,XAUUSD-M10
684327,684331,36.7,win,161.76600000000067,161.76600000000067,0,long,1705021200000000000,1705023600000000000,XAUUSD-M10
684426,684430,-11.799999999999091,loss,161.76600000000067,161.76600000000067,0,long,1705080600000000000,1705083000000000000,XAUUSD-M10
685011,685015,-0.10000000000063647,loss,161.76600000000067,161.76600000000067,0,long,1705431600000000000,1705434000000000000,XAUUSD-M10
685144,685148,-21.79999999999909,loss,161.76600000000067,161.76600000000067,0,long,1705511400000000000,1705513800000000000,XAUUSD-M10
687189,687193,-16.599999999999273,loss,161.76600000000067,161.76600000000067,0,long,1706738400000000000,1706740800000000000,XAUUSD-M10
687303,687307,13.599999999998271,win,161.76600000000067,161.76600000000067,0,long,1706806800000000000,1706809200000000000,XAUUSD-M10
691924,691928,-20.400000000000365,loss,161.76600000000067,161.76600000000067,0,long,1709579400000000000,1709581800000000000,XAUUSD-M10
692049,692053,2.8000000000012735,win,161.76600000000067,161.76600000000067,0,long,1709654400000000000,1709656800000000000,XAUUSD-M10
692199,692203,0.9000000000007278,win,161.76600000000067,161.76600000000067,0,long,1709744400000000000,1709746800000000000,XAUUSD-M10
692337,692341,-34.60000000000109,loss,161.76600000000067,161.76600000000067,0,long,1709827200000000000,1709829600000000000,XAUUSD-M10
692479,692483,-68.39999999999763,loss,161.76600000000067,161.76600000000067,0,long,1709912400000000000,1709914800000000000,XAUUSD-M10
692913,692917,50.300000000001276,win,161.76600000000067,161.76600000000067,0,long,1710172800000000000,1710175200000000000,XAUUSD-M10
692926,692930,-18.899999999999455,loss,161.76600000000067,161.76600000000067,0,long,1710180600000000000,1710183000000000000,XAUUSD-M10
693051,693055,-30.099999999998364,loss,161.76600000000067,161.76600000000067,0,long,1710255600000000000,1710258000000000000,XAUUSD-M10
694236,694240,117.60000000000146,win,161.76600000000067,161.76600000000067,0,long,1710966600000000000,1710969000000000000,XAUUSD-M10
694424,694428,-13.600000000002002,loss,161.76600000000067,161.76600000000067,0,long,1711079400000000000,1711081800000000000,XAUUSD-M10
694459,694463,-14.80000000000091,loss,161.76600000000067,161.76600000000067,0,long,1711100400000000000,1711102800000000000,XAUUSD-M10
694495,694499,-45.90000000000218,loss,161.76600000000067,161.76600000000067,0,long,1711122000000000000,1711124400000000000,XAUUSD-M10
694534,694538,-18.199999999997818,loss,161.76600000000067,161.76600000000067,0,long,1711145400000000000,1711147800000000000,XAUUSD-M10
695073,695077,-34.699999999998724,loss,161.76600000000067,161.76600000000067,0,long,1711468800000000000,1711471200000000000,XAUUSD-M10
695214,695218,-8.200000000002365,loss,161.76600000000067,161.76600000000067,0,long,1711553400000000000,1711555800000000000,XAUUSD-M10
695350,695354,31.7,win,161.76600000000067,161.76600000000067,0,long,1711635000000000000,1711637400000000000,XAUUSD-M10
696326,696330,0.799999999998545,win,161.76600000000067,161.76600000000067,0,long,1712220600000000000,1712223000000000000,XAUUSD-M10
696367,696371,24.300000000002182,win,161.76600000000067,161.76600000000067,0,long,1712245200000000000,1712247600000000000,XAUUSD-M10
699390,699394,-111.59999999999927,loss,161.76600000000067,161.76600000000067,0,long,1714059000000000000,1714061400000000000,XAUUSD-M10
700048,700052,-7.500000000000727,loss,161.76600000000067,161.76600000000067,0,long,1714453800000000000,1714456200000000000,XAUUSD-M10
700085,700089,1.0000000000029106,win,161.76600000000067,161.76600000000067,0,long,1714476000000000000,1714478400000000000,XAUUSD-M10
700109,700113,-62.30000000000091,loss,161.76600000000067,161.76600000000067,0,long,1714490400000000000,1714492800000000000,XAUUSD-M10
700255,700259,19.599999999999635,win,161.76600000000067,161.76600000000067,0,long,1714578000000000000,1714580400000000000,XAUUSD-M10
700542,700544,-165.06600000000068,loss,161.76600000000067,161.76600000000067,2,long,1714750200000000000,1714751400000000000,XAUUSD-M10
701092,701096,11.500000000000181,win,161.76600000000067,161.76600000000067,0,long,1715080200000000000,1715082600000000000,XAUUSD-M10
701122,701126,-35.999999999999815,loss,161.76600000000067,161.76600000000067,0,long,1715098200000000000,1715100600000000000,XAUUSD-M10
701266,701270,21.899999999999817,win,161.76600000000067,161.76600000000067,0,long,1715184600000000000,1715187000000000000,XAUUSD-M10
701410,701414,96.89999999999982,win,161.76600000000067,161.76600000000067,0,long,1715271000000000000,1715273400000000000,XAUUSD-M10
701482,701486,-41.999999999998906,loss,161.76600000000067,161.76600000000067,0,long,1715314200000000000,1715316600000000000,XAUUSD-M10
701511,701515,58.699999999998184,win,161.76600000000067,161.76600000000067,0,long,1715331600000000000,1715334000000000000,XAUUSD-M10
701980,701984,-17.79999999999818,loss,161.76600000000067,161.76600000000067,0,long,1715613000000000000,1715615400000000000,XAUUSD-M10
702131,702135,19.300000000002182,win,161.76600000000067,161.76600000000067,0,long,1715703600000000000,1715706000000000000,XAUUSD-M10
702271,702275,-79.8000000000009,loss,161.76600000000067,161.76600000000067,0,long,1715787600000000000,1715790000000000000,XAUUSD-M10
702564,702568,28.499999999998362,win,161.76600000000067,161.76600000000067,0,long,1715963400000000000,1715965800000000000,XAUUSD-M10
703209,703213,6.7,win,161.76600000000067,161.76600000000067,0,long,1716350400000000000,1716352800000000000,XAUUSD-M10
703944,703948,-31.399999999999455,loss,161.76600000000067,161.76600000000067,0,long,1716791400000000000,1716793800000000000,XAUUSD-M10
704149,704153,-24.899999999998546,loss,161.76600000000067,161.76600000000067,0,long,1716914400000000000,1716916800000000000,XAUUSD-M10
704288,704292,86.399999999998,win,161.76600000000067,161.76600000000067,0,long,1716997800000000000,1717000200000000000,XAUUSD-M10
704391,704395,41.30000000000037,win,161.76600000000067,161.76600000000067,0,long,1717059600000000000,1717062000000000000,XAUUSD-M10
704580,704584,-94.00000000000163,loss,161.76600000000067,161.76600000000067,0,long,1717173000000000000,1717175400000000000,XAUUSD-M10
704965,704969,-19.500000000003457,loss,161.76600000000067,161.76600000000067,0,long,1717404000000000000,1717406400000000000,XAUUSD-M10
705139,705143,-43.499999999999815,loss,161.76600000000067,161.76600000000067,0,long,1717508400000000000,1717510800000000000,XAUUSD-M10
705300,705304,-3.9999999999970894,loss,161.76600000000067,161.76600000000067,0,long,1717605000000000000,1717607400000000000,XAUUSD-M10
705375,705379,29.99999999999927,win,161.76600000000067,161.76600000000067,0,long,1717650000000000000,1717652400000000000,XAUUSD-M10
705441,705445,53.40000000000073,win,161.76600000000067,161.76600000000067,0,long,1717689600000000000,1717692000000000000,XAUUSD-M10
705539,705543,-79.40000000000127,loss,161.76600000000067,161.76600000000067,0,long,1717748400000000000,1717750800000000000,XAUUSD-M10
706162,706166,10.19999999999909,win,161.76600000000067,161.76600000000067,0,long,1718122200000000000,1718124600000000000,XAUUSD-M10
706307,706311,-165.06600000000068,loss,161.76600000000067,161.76600000000067,2,long,1718209200000000000,1718211600000000000,XAUUSD-M10
706577,706581,-12.900000000000365,loss,161.76600000000067,161.76600000000067,0,long,1718371200000000000,1718373600000000000,XAUUSD-M10
707034,707038,-33.499999999999815,loss,161.76600000000067,161.76600000000067,0,long,1718645400000000000,1718647800000000000,XAUUSD-M10
707172,707176,77.49999999999928,win,161.76600000000067,161.76600000000067,0,long,1718728200000000000,1718730600000000000,XAUUSD-M10
707464,707468,97.6999999999991,win,161.76600000000067,161.76600000000067,0,long,1718903400000000000,1718905800000000000,XAUUSD-M10
707605,707607,-165.06600000000068,loss,161.76600000000067,161.76600000000067,2,long,1718988000000000000,1718989200000000000,XAUUSD-M10
708038,708042,41.500000000000185,win,161.76600000000067,161.76600000000067,0,long,1719247800000000000,1719250200000000000,XAUUSD-M10
708184,708188,27.20000000000182,win,161.76600000000067,161.76600000000067,0,long,1719335400000000000,1719337800000000000,XAUUSD-M10
708313,708317,21.899999999999817,win,161.76600000000067,161.76600000000067,0,long,1719412800000000000,1719415200000000000,XAUUSD-M10
708471,708475,9.2,win,161.76600000000067,161.76600000000067,0,long,1719507600000000000,1719510000000000000,XAUUSD-M10
708500,708504,-0.1000000000029102,loss,161.76600000000067,161.76600000000067,0,long,1719525000000000000,1719527400000000000,XAUUSD-M10
708618,708622,9.499999999997453,win,161.76600000000067,161.76600000000067,0,long,1719595800000000000,1719598200000000000,XAUUSD-M10
709047,709051,-83.49999999999982,loss,161.76600000000067,161.76600000000067,0,long,1719853200000000000,1719855600000000000,XAUUSD-M10
709192,709196,5.199999999999091,win,161.76600000000067,161.76600000000067,0,long,1719940200000000000,1719942600000000000,XAUUSD-M10
709332,709336,78.60000000000055,win,161.76600000000067,161.76600000000067,0,long,1720024200000000000,1720026600000000000,XAUUSD-M10
709618,709622,74.2,win,161.76600000000067,161.76600000000067,0,long,1720195800000000000,1720198200000000000,XAUUSD-M10
710054,710058,9.799999999999454,win,161.76600000000067,161.76600000000067,0,long,1720457400000000000,1720459800000000000,XAUUSD-M10
710199,710203,-18.399999999997636,loss,161.76600000000067,161.76600000000067,0,long,1720544400000000000,1720546800000000000,XAUUSD-M10
710482,710486,-3.699999999999636,loss,161.76600000000067,161.76600000000067,0,long,1720714200000000000,1720716600000000000,XAUUSD-M10
710622,710626,97.90000000000346,win,161.76600000000067,161.76600000000067,0,long,1720798200000000000,1720800600000000000,XAUUSD-M10
711065,711069,103.90000000000255,win,161.76600000000067,161.76600000000067,0,long,1721064000000000000,1721066400000000000,XAUUSD-M10
711198,711202,40.29999999999673,win,161.76600000000067,161.76600000000067,0,long,1721143800000000000,1721146200000000000,XAUUSD-M10
712183,712187,-0.8999999999976351,loss,161.76600000000067,161.76600000000067,0,long,1721734800000000000,1721737200000000000,XAUUSD-M10
712354,712358,45.10000000000146,win,161.76600000000067,161.76600000000067,0,long,1721837400000000000,1721839800000000000,XAUUSD-M10
713221,713225,2.000000000002001,win,161.76600000000067,161.76600000000067,0,long,1722357600000000000,1722360000000000000,XAUUSD-M10
715096,715100,53.000000000001094,win,161.76600000000067,161.76600000000067,0,long,1723482600000000000,1723485000000000000,XAUUSD-M10
715162,715166,16.999999999997453,win,161.76600000000067,161.76600000000067,0,long,1723522200000000000,1723524600000000000,XAUUSD-M10
715234,715238,64.00000000000018,win,161.76600000000067,161.76600000000067,0,long,1723565400000000000,1723567800000000000,XAUUSD-M10
715315,715319,-25.699999999997818,loss,161.76600000000067,161.76600000000067,0,long,1723614000000000000,1723616400000000000,XAUUSD-M10
715374,715378,-136.29999999999728,loss,161.76600000000067,161.76600000000067,0,long,1723649400000000000,1723651800000000000,XAUUSD-M10
715518,715521,-165.06600000000068,loss,161.76600000000067,161.76600000000067,2,long,1723735800000000000,1723737600000000000,XAUUSD-M10
715658,715662,9.2,win,161.76600000000067,161.76600000000067,0,long,1723819800000000000,1723822200000000000,XAUUSD-M10
716210,716214,45.39999999999891,win,161.76600000000067,161.76600000000067,0,long,1724151000000000000,1724153400000000000,XAUUSD-M10
716490,716494,0.3999999999989088,win,161.76600000000067,161.76600000000067,0,long,1724319000000000000,1724321400000000000,XAUUSD-M10
716679,716683,-72.79999999999818,loss,161.76600000000067,161.76600000000067,0,long,1724432400000000000,1724434800000000000,XAUUSD-M10
717109,717113,-16.400000000004002,loss,161.76600000000067,161.76600000000067,0,long,1724690400000000000,1724692800000000000,XAUUSD-M10
717251,717255,47.800000000001276,win,161.76600000000067,161.76600000000067,0,long,1724775600000000000,1724778000000000000,XAUUSD-M10
717393,717397,24.299999999997635,win,161.76600000000067,161.76600000000067,0,long,1724860800000000000,1724863200000000000,XAUUSD-M10
717460,717464,-8.899999999999455,loss,161.76600000000067,161.76600000000067,0,long,1724901000000000000,1724903400000000000,XAUUSD-M10
717520,717524,11.300000000000363,win,161.76600000000067,161.76600000000067,0,long,1724937000000000000,1724939400000000000,XAUUSD-M10
717534,717538,40.39999999999891,win,161.76600000000067,161.76600000000067,0,long,1724945400000000000,1724947800000000000,XAUUSD-M10
717678,717682,-49.20000000000145,loss,161.76600000000067,161.76600000000067,0,long,1725031800000000000,1725034200000000000,XAUUSD-M10
718071,718075,5.199999999999091,win,161.76600000000067,161.76600000000067,0,long,1725267600000000000,1725270000000000000,XAUUSD-M10
718251,718255,9.999999999999272,win,161.76600000000067,161.76600000000067,0,long,1725375600000000000,1725378000000000000,XAUUSD-M10
718380,718384,47.499999999999275,win,161.76600000000067,161.76600000000067,0,long,1725453000000000000,1725455400000000000,XAUUSD-M10
718545,718549,-14.400000000001274,loss,161.76600000000067,161.76600000000067,0,long,1725552000000000000,1725554400000000000,XAUUSD-M10
718688,718692,-165.06600000000068,loss,161.76600000000067,161.76600000000067,2,long,1725637800000000000,1725640200000000000,XAUUSD-M10
719076,719080,-51.09999999999745,loss,161.76600000000067,161.76600000000067,0,long,1725870600000000000,1725873000000000000,XAUUSD-M10
719280,719284,-11.900000000001274,loss,161.76600000000067,161.76600000000067,0,long,1725993000000000000,1725995400000000000,XAUUSD-M10
719407,719411,-1.9999999999989084,loss,161.76600000000067,161.76600000000067,0,long,1726069200000000000,1726071600000000000,XAUUSD-M10
719553,719557,74.99999999999928,win,161.76600000000067,161.76600000000067,0,long,1726156800000000000,1726159200000000000,XAUUSD-M10
720135,720139,-25.8,loss,161.76600000000067,161.76600000000067,0,long,1726506000000000000,1726508400000000000,XAUUSD-M10
720270,720274,89.59999999999964,win,161.76600000000067,161.76600000000067,0,long,1726587000000000000,1726589400000000000,XAUUSD-M10
720425,720429,28.100000000003273,win,161.76600000000067,161.76600000000067,0,long,1726680000000000000,1726682400000000000,XAUUSD-M10
720446,720447,158.46600000000066,win,161.76600000000067,161.76600000000067,1,long,1726692600000000000,1726693200000000000,XAUUSD-M10
720639,720643,22.19999999999727,win,161.76600000000067,161.76600000000067,0,long,1726808400000000000,1726810800000000000,XAUUSD-M10
720677,720681,3.4000000000007278,win,161.76600000000067,161.76600000000067,0,long,1726831200000000000,1726833600000000000,XAUUSD-M10
720684,720688,18.69999999999818,win,161.76600000000067,161.76600000000067,0,long,1726835400000000000,1726837800000000000,XAUUSD-M10
721065,721069,25.70000000000091,win,161.76600000000067,161.76600000000067,0,long,1727064000000000000,1727066400000000000,XAUUSD-M10
721074,721078,34.2,win,161.76600000000067,161.76600000000067,0,long,1727069400000000000,1727071800000000000,XAUUSD-M10
721104,721108,11.19999999999818,win,161.76600000000067,161.76600000000067,0,long,1727087400000000000,1727089800000000000,XAUUSD-M10
721128,721132,-31.30000000000182,loss,161.76600000000067,161.76600000000067,0,long,1727101800000000000,1727104200000000000,XAUUSD-M10
721247,721251,15.50000000000109,win,161.76600000000067,161.76600000000067,0,long,1727173200000000000,1727175600000000000,XAUUSD-M10
721267,721271,-39.60000000000109,loss,161.76600000000067,161.76600000000067,0,long,1727185200000000000,1727187600000000000,XAUUSD-M10
721557,721561,53.40000000000073,win,161.76600000000067,161.76600000000067,0,long,1727359200000000000,1727361600000000000,XAUUSD-M10
721668,721672,47.000000000002004,win,161.76600000000067,161.76600000000067,0,long,1727425800000000000,1727428200000000000,XAUUSD-M10
722227,722231,-31.900000000001274,loss,161.76600000000067,161.76600000000067,0,long,1727761200000000000,1727763600000000000,XAUUSD-M10
722292,722296,-29.400000000001274,loss,161.76600000000067,161.76600000000067,0,long,1727800200000000000,1727802600000000000,XAUUSD-M10
722387,722391,-17.700000000000546,loss,161.76600000000067,161.76600000000067,0,long,1727857200000000000,1727859600000000000,XAUUSD-M10
722574,722578,8.00000000000109,win,161.76600000000067,161.76600000000067,0,long,1727969400000000000,1727971800000000000,XAUUSD-M10
722719,722723,84.60000000000419,win,161.76600000000067,161.76600000000067,0,long,1728056400000000000,1728058800000000000,XAUUSD-M10
723583,723587,-69.09999999999927,loss,161.76600000000067,161.76600000000067,0,long,1728574800000000000,1728577200000000000,XAUUSD-M10
723695,723699,18.100000000003273,win,161.76600000000067,161.76600000000067,0,long,1728642000000000000,1728644400000000000,XAUUSD-M10
723700,723704,-23.000000000002547,loss,161.76600000000067,161.76600000000067,0,long,1728645000000000000,1728647400000000000,XAUUSD-M10
723726,723730,63.000000000001094,win,161.76600000000067,161.76600000000067,0,long,1728660600000000000,1728663000000000000,XAUUSD-M10
724071,724075,-1.700000000001455,loss,161.76600000000067,161.76600000000067,0,long,1728867600000000000,1728870000000000000,XAUUSD-M10
724089,724093,1.7000000000000002,win,161.76600000000067,161.76600000000067,0,long,1728878400000000000,1728880800000000000,XAUUSD-M10
724128,724132,-36.79999999999909,loss,161.76600000000067,161.76600000000067,0,long,1728901800000000000,1728904200000000000,XAUUSD-M10
724137,724141,-42.79999999999818,loss,161.76600000000067,161.76600000000067,0,long,1728907200000000000,1728909600000000000,XAUUSD-M10
724207,724217,30.19999999999909,win,161.76600000000067,161.76600000000067,0,long,1728949200000000000,1728955200000000000,XAUUSD-M10
724304,724308,1.2000000000027287,win,161.76600000000067,161.76600000000067,0,long,1729007400000000000,1729009800000000000,XAUUSD-M10
724446,724450,24.500000000002,win,161.76600000000067,161.76600000000067,0,long,1729092600000000000,1729095000000000000,XAUUSD-M10
724589,724593,25.599999999998726,win,161.76600000000067,161.76600000000067,0,long,1729178400000000000,1729180800000000000,XAUUSD-M10
724670,724674,63.000000000001094,win,161.76600000000067,161.76600000000067,0,long,1729227000000000000,1729229400000000000,XAUUSD-M10
724696,724700,-8.899999999999455,loss,161.76600000000067,161.76600000000067,0,long,1729242600000000000,1729245000000000000,XAUUSD-M10
725097,725101,19.499999999997453,win,161.76600000000067,161.76600000000067,0,long,1729483200000000000,1729485600000000000,XAUUSD-M10
725137,725141,52.39999999999709,win,161.76600000000067,161.76600000000067,0,long,1729507200000000000,1729509600000000000,XAUUSD-M10
725145,725149,13.50000000000291,win,161.76600000000067,161.76600000000067,0,long,1729512000000000000,1729514400000000000,XAUUSD-M10
725151,725155,-5.500000000002546,loss,161.76600000000067,161.76600000000067,0,long,1729515600000000000,1729518000000000000,XAUUSD-M10
725303,725307,-7.274181257344026e-13,loss,161.76600000000067,161.76600000000067,0,long,1729606800000000000,1729609200000000000,XAUUSD-M10
725457,725461,-23.199999999997818,loss,161.76600000000067,161.76600000000067,0,long,1729699200000000000,1729701600000000000,XAUUSD-M10
725601,725605,-60.500000000002544,loss,161.76600000000067,161.76600000000067,0,long,1729785600000000000,1729788000000000000,XAUUSD-M10
725743,725747,-31.99999999999891,loss,161.76600000000067,161.76600000000067,0,long,1729870800000000000,1729873200000000000,XAUUSD-M10
726312,726316,55.999999999998366,win,161.76600000000067,161.76600000000067,0,long,1730212200000000000,1730214600000000000,XAUUSD-M10
726461,726465,-29.200000000001456,loss,161.76600000000067,161.76600000000067,0,long,1730301600000000000,1730304000000000000,XAUUSD-M10
726599,726603,-87.90000000000036,loss,161.76600000000067,161.76600000000067,0,long,1730384400000000000,1730386800000000000,XAUUSD-M10
726726,726730,-15.8,loss,161.76600000000067,161.76600000000067,0,long,1730460600000000000,1730463000000000000,XAUUSD-M10
727261,727265,33.300000000003095,win,161.76600000000067,161.76600000000067,0,long,1730781600000000000,1730784000000000000,XAUUSD-M10
727295,727299,57.99999999999655,win,161.76600000000067,161.76600000000067,0,long,1730802000000000000,1730804400000000000,XAUUSD-M10
727325,727329,28.800000000000363,win,161.76600000000067,161.76600000000067,0,long,1730820000000000000,1730822400000000000,XAUUSD-M10
727391,727395,-22.199999999998727,loss,161.76600000000067,161.76600000000067,0,long,1730859600000000000,1730862000000000000,XAUUSD-M10
729268,729272,-3.1000000000001817,loss,161.76600000000067,161.76600000000067,0,long,1731985800000000000,1731988200000000000,XAUUSD-M10
729313,729317,37.199999999997274,win,161.76600000000067,161.76600000000067,0,long,1732012800000000000,1732015200000000000,XAUUSD-M10
729449,729453,-51.500000000001634,loss,161.76600000000067,161.76600000000067,0,long,1732094400000000000,1732096800000000000,XAUUSD-M10
729593,729597,-10.500000000002547,loss,161.76600000000067,161.76600000000067,0,long,1732180800000000000,1732183200000000000,XAUUSD-M10
729599,729603,29.799999999999454,win,161.76600000000067,161.76600000000067,0,long,1732184400000000000,1732186800000000000,XAUUSD-M10
730715,730719,-52.39999999999854,loss,161.76600000000067,161.76600000000067,0,long,1732854000000000000,1732856400000000000,XAUUSD-M10
731428,731432,11.00000000000291,win,161.76600000000067,161.76600000000067,0,long,1733281800000000000,1733284200000000000,XAUUSD-M10
731475,731479,-14.80000000000091,loss,161.76600000000067,161.76600000000067,0,long,1733310000000000000,1733312400000000000,XAUUSD-M10
731494,731498,-68.89999999999945,loss,161.76600000000067,161.76600000000067,0,long,1733321400000000000,1733323800000000000,XAUUSD-M10
731580,731584,-8.600000000002002,loss,161.76600000000067,161.76600000000067,0,long,1733373000000000000,1733375400000000000,XAUUSD-M10
731611,731615,-36.39999999999945,loss,161.76600000000067,161.76600000000067,0,long,1733391600000000000,1733394000000000000,XAUUSD-M10
731645,731649,16.400000000002546,win,161.76600000000067,161.76600000000067,0,long,1733412000000000000,1733414400000000000,XAUUSD-M10
731714,731718,-46.79999999999909,loss,161.76600000000067,161.76600000000067,0,long,1733453400000000000,1733455800000000000,XAUUSD-M10
733199,733203,-8.899999999999455,loss,161.76600000000067,161.76600000000067,0,long,1734344400000000000,1734346800000000000,XAUUSD-M10
733217,733221,12.69999999999909,win,161.76600000000067,161.76600000000067,0,long,1734355200000000000,1734357600000000000,XAUUSD-M10
733347,733351,-38.3,loss,161.76600000000067,161.76600000000067,0,long,1734433200000000000,1734435600000000000,XAUUSD-M10
733551,733555,-70.30000000000273,loss,161.76600000000067,161.76600000000067,0,long,1734555600000000000,1734558000000000000,XAUUSD-M10
734235,734239,17.900000000003455,win,161.76600000000067,161.76600000000067,0,long,1734966000000000000,1734968400000000000,XAUUSD-M10
734819,734823,9.69999999999727,win,161.76600000000067,161.76600000000067,0,long,1735316400000000000,1735318800000000000,XAUUSD-M10
735246,735250,-36.999999999998906,loss,161.76600000000067,161.76600000000067,0,long,1735572600000000000,1735575000000000000,XAUUSD-M10
735397,735401,40.79999999999855,win,161.76600000000067,161.76600000000067,0,long,1735663200000000000,1735665600000000000,XAUUSD-M10
735676,735680,48.60000000000055,win,161.76600000000067,161.76600000000067,0,long,1735830600000000000,1735833000000000000,XAUUSD-M10
735741,735745,-11.100000000002002,loss,161.76600000000067,161.76600000000067,0,long,1735869600000000000,1735872000000000000,XAUUSD-M10
735754,735758,5.199999999999091,win,161.76600000000067,161.76600000000067,0,long,1735877400000000000,1735879800000000000,XAUUSD-M10
735822,735826,24.89999999999709,win,161.76600000000067,161.76600000000067,0,long,1735918200000000000,1735920600000000000,XAUUSD-M10
736240,736244,55.49999999999655,win,161.76600000000067,161.76600000000067,0,long,1736169000000000000,1736171400000000000,XAUUSD-M10
736373,736377,-11.599999999999273,loss,161.76600000000067,161.76600000000067,0,long,1736248800000000000,1736251200000000000,XAUUSD-M10
736385,736389,38.899999999998,win,161.76600000000067,161.76600000000067,0,long,1736256000000000000,1736258400000000000,XAUUSD-M10
736545,736549,29.300000000002182,win,161.76600000000067,161.76600000000067,0,long,1736352000000000000,1736354400000000000,XAUUSD-M10
736673,736677,-5.899999999997635,loss,161.76600000000067,161.76600000000067,0,long,1736428800000000000,1736431200000000000,XAUUSD-M10
736830,736834,135.30000000000126,win,161.76600000000067,161.76600000000067,0,long,1736523000000000000,1736525400000000000,XAUUSD-M10
737375,737379,-27.200000000003275,loss,161.76600000000067,161.76600000000067,0,long,1736850000000000000,1736852400000000000,XAUUSD-M10
737397,737401,-11.399999999999455,loss,161.76600000000067,161.76600000000067,0,long,1736863200000000000,1736865600000000000,XAUUSD-M10
737552,737556,-123.00000000000254,loss,161.76600000000067,161.76600000000067,0,long,1736956200000000000,1736958600000000000,XAUUSD-M10
737669,737673,24.599999999999635,win,161.76600000000067,161.76600000000067,0,long,1737026400000000000,1737028800000000000,XAUUSD-M10
737687,737691,6.199999999998181,win,161.76600000000067,161.76600000000067,0,long,1737037200000000000,1737039600000000000,XAUUSD-M10
737840,737844,14.999999999999272,win,161.76600000000067,161.76600000000067,0,long,1737129000000000000,1737131400000000000,XAUUSD-M10
738184,738188,-32.40000000000309,loss,161.76600000000067,161.76600000000067,0,long,1737335400000000000,1737337800000000000,XAUUSD-M10
738224,738228,19.300000000002182,win,161.76600000000067,161.76600000000067,0,long,1737359400000000000,1737361800000000000,XAUUSD-M10
738231,738235,-42.999999999997996,loss,161.76600000000067,161.76600000000067,0,long,1737363600000000000,1737366000000000000,XAUUSD-M10
738237,738241,4.7999999999994545,win,161.76600000000067,161.76600000000067,0,long,1737367200000000000,1737369600000000000,XAUUSD-M10
738243,738247,0.6999999999963622,win,161.76600000000067,161.76600000000067,0,long,1737370800000000000,1737373200000000000,XAUUSD-M10
738514,738518,-35.8,loss,161.76600000000067,161.76600000000067,0,long,1737533400000000000,1737535800000000000,XAUUSD-M10
738701,738705,9.700000000001818,win,161.76600000000067,161.76600000000067,0,long,1737645600000000000,1737648000000000000,XAUUSD-M10
738778,738782,26.600000000002364,win,161.76600000000067,161.76600000000067,0,long,1737691800000000000,1737694200000000000,XAUUSD-M10
739393,739397,49.300000000002186,win,161.76600000000067,161.76600000000067,0,long,1738060800000000000,1738063200000000000,XAUUSD-M10
739424,739428,66.399999999998,win,161.76600000000067,161.76600000000067,0,long,1738079400000000000,1738081800000000000,XAUUSD-M10
739579,739583,-20.29999999999818,loss,161.76600000000067,161.76600000000067,0,long,1738172400000000000,1738174800000000000,XAUUSD-M10
739718,739722,33.09999999999873,win,161.76600000000067,161.76600000000067,0,long,1738255800000000000,1738258200000000000,XAUUSD-M10
739823,739827,0.7000000000009097,win,161.76600000000067,161.76600000000067,0,long,1738318800000000000,1738321200000000000,XAUUSD-M10
739846,739850,2.4000000000016373,win,161.76600000000067,161.76600000000067,0,long,1738332600000000000,1738335000000000000,XAUUSD-M10
740824,740828,-13.3,loss,161.76600000000067,161.76600000000067,0,long,1738919400000000000,1738921800000000000,XAUUSD-M10
740831,740835,60.500000000001094,win,161.76600000000067,161.76600000000067,0,long,1738923600000000000,1738926000000000000,XAUUSD-M10
742371,742375,-23.799999999997272,loss,161.76600000000067,161.76600000000067,0,long,1739847600000000000,1739850000000000000,XAUUSD-M10
742525,742529,14.099999999997817,win,161.76600000000067,161.76600000000067,0,long,1739940000000000000,1739942400000000000,XAUUSD-M10
745569,745573,-76.90000000000127,loss,161.76600000000067,161.76600000000067,0,long,1741766400000000000,1741768800000000000,XAUUSD-M10
745709,745713,-53.40000000000218,loss,161.76600000000067,161.76600000000067,0,long,1741850400000000000,1741852800000000000,XAUUSD-M10
746323,746327,-76.79999999999909,loss,161.76600000000067,161.76600000000067,0,long,1742218800000000000,1742221200000000000,XAUUSD-M10
746409,746413,28.400000000000727,win,161.76600000000067,161.76600000000067,0,long,1742270400000000000,1742272800000000000,XAUUSD-M10
746429,746433,84.79999999999946,win,161.76600000000067,161.76600000000067,0,long,1742282400000000000,1742284800000000000,XAUUSD-M10
746578,746582,40.70000000000091,win,161.76600000000067,161.76600000000067,0,long,1742371800000000000,1742374200000000000,XAUUSD-M10
747455,747459,23.50000000000291,win,161.76600000000067,161.76600000000067,0,long,1742898000000000000,1742900400000000000,XAUUSD-M10
747478,747482,50.60000000000328,win,161.76600000000067,161.76600000000067,0,long,1742911800000000000,1742914200000000000,XAUUSD-M10
747625,747629,-46.500000000001634,loss,161.76600000000067,161.76600000000067,0,long,1743000000000000000,1743002400000000000,XAUUSD-M10
747725,747729,-35.29999999999818,loss,161.76600000000067,161.76600000000067,0,long,1743060000000000000,1743062400000000000,XAUUSD-M10
764409,764413,-9.49999999999891,loss,161.76600000000067,161.76600000000067,0,long,1753070400000000000,1753072800000000000,XAUUSD-M10
764434,764438,25.099999999996907,win,161.76600000000067,161.76600000000067,0,long,1753085400000000000,1753087800000000000,XAUUSD-M10
764619,764623,78.79999999999582,win,161.76600000000067,161.76600000000067,0,long,1753196400000000000,1753198800000000000,XAUUSD-M10
768583,768587,-17.60000000000291,loss,161.76600000000067,161.76600000000067,0,long,1755574800000000000,1755577200000000000,XAUUSD-M10
768649,768653,-40.699999999997814,loss,161.76600000000067,161.76600000000067,0,long,1755614400000000000,1755616800000000000,XAUUSD-M10
768724,768728,22.49999999999927,win,161.76600000000067,161.76600000000067,0,long,1755659400000000000,1755661800000000000,XAUUSD-M10
768729,768733,28.400000000000727,win,161.76600000000067,161.76600000000067,0,long,1755662400000000000,1755664800000000000,XAUUSD-M10
768798,768802,8.199999999996361,win,161.76600000000067,161.76600000000067,0,long,1755703800000000000,1755706200000000000,XAUUSD-M10
768939,768943,7.2999999999994545,win,161.76600000000067,161.76600000000067,0,long,1755788400000000000,1755790800000000000,XAUUSD-M10
769061,769065,8.400000000000727,win,161.76600000000067,161.76600000000067,0,long,1755861600000000000,1755864000000000000,XAUUSD-M10
769086,769090,35.10000000000146,win,161.76600000000067,161.76600000000067,0,long,1755876600000000000,1755879000000000000,XAUUSD-M10
769527,769531,29.89999999999709,win,161.76600000000067,161.76600000000067,0,long,1756141200000000000,1756143600000000000,XAUUSD-M10
769588,769592,108.80000000000037,win,161.76600000000067,161.76600000000067,0,long,1756177800000000000,1756180200000000000,XAUUSD-M10
769764,769768,30.399999999998908,win,161.76600000000067,161.76600000000067,0,long,1756283400000000000,1756285800000000000,XAUUSD-M10
769882,769886,-47.699999999995995,loss,161.76600000000067,161.76600000000067,0,long,1756354200000000000,1756356600000000000,XAUUSD-M10
769927,769931,-16.99999999999891,loss,161.76600000000067,161.76600000000067,0,long,1756381200000000000,1756383600000000000,XAUUSD-M10
769943,769947,35.300000000001276,win,161.76600000000067,161.76600000000067,0,long,1756390800000000000,1756393200000000000,XAUUSD-M10
770100,770104,91.50000000000018,win,161.76600000000067,161.76600000000067,0,long,1756485000000000000,1756487400000000000,XAUUSD-M10
